FRAME NR	PREYS	PREDATORS
0	15	5
1	15	5
2	15	5
3	15	5
4	15	5
5	15	5
6	15	5
7	15	5
8	15	5
9	15	5
10	16	5
11	16	5
12	16	5
13	16	5
14	16	5
15	16	5
16	16	5
17	16	5
18	16	5
19	16	5
20	17	5
21	17	5
22	17	5
23	17	5
24	17	5
25	17	5
26	17	5
27	17	5
28	17	5
29	17	5
30	17	5
31	17	5
32	17	5
33	17	5
34	17	5
35	17	5
36	17	5
37	17	5
38	17	5
39	17	5
40	18	5
41	18	5
42	18	5
43	18	5
44	18	5
45	18	5
46	18	5
47	19	5
48	19	5
49	19	5
50	19	5
51	19	5
52	19	5
53	19	5
54	19	5
55	19	5
56	20	5
57	20	5
58	20	5
59	21	5
60	21	5
61	22	5
62	22	5
63	22	5
64	22	5
65	22	5
66	22	5
67	22	5
68	22	5
69	22	5
70	22	5
71	22	5
72	22	5
73	22	5
74	22	5
75	21	5
76	21	5
77	21	5
78	21	5
79	21	5
80	22	5
81	22	5
82	22	5
83	22	5
84	22	5
85	22	5
86	22	5
87	23	5
88	23	5
89	23	5
90	23	5
91	23	5
92	23	5
93	24	5
94	24	5
95	24	5
96	24	5
97	25	5
98	25	5
99	25	5
100	25	5
101	25	5
102	25	5
103	25	6
104	25	6
105	25	6
106	26	6
107	26	6
108	26	6
109	26	6
110	27	7
111	27	7
112	27	7
113	27	7
114	27	7
115	27	7
116	27	7
117	27	7
118	27	7
119	27	7
120	27	7
121	27	7
122	28	7
123	28	7
124	28	7
125	28	7
126	28	7
127	28	7
128	28	7
129	28	7
130	27	7
131	27	7
132	27	7
133	27	7
134	27	7
135	27	7
136	27	7
137	28	7
138	28	7
139	29	7
140	29	7
141	29	7
142	29	7
143	29	7
144	29	8
145	29	8
146	29	8
147	29	8
148	29	8
149	29	8
150	29	8
151	29	8
152	29	8
153	29	8
154	29	8
155	30	8
156	30	8
157	30	8
158	30	8
159	30	8
160	30	8
161	30	8
162	30	8
163	30	8
164	30	8
165	30	8
166	30	8
167	30	8
168	30	8
169	31	8
170	31	8
171	31	8
172	31	8
173	31	8
174	31	8
175	27	8
176	27	8
177	27	8
178	27	8
179	27	8
180	27	8
181	27	8
182	28	8
183	28	8
184	28	8
185	28	8
186	28	8
187	28	8
188	28	8
189	28	8
190	28	8
191	29	8
192	29	8
193	29	8
194	29	8
195	29	8
196	28	8
197	28	8
198	28	8
199	28	8
200	27	8
201	27	8
202	27	8
203	28	8
204	28	8
205	29	8
206	29	8
207	29	8
208	29	8
209	29	8
210	29	8
211	29	8
212	29	9
213	29	9
214	29	9
215	29	9
216	29	9
217	29	9
218	29	9
219	29	9
220	29	9
221	29	9
222	30	9
223	31	9
224	31	9
225	31	8
226	31	8
227	31	8
228	31	8
229	31	8
230	32	8
231	32	8
232	32	8
233	32	8
234	33	8
235	33	8
236	33	8
237	33	8
238	33	8
239	33	8
240	34	8
241	34	8
242	34	8
243	33	8
244	32	8
245	32	8
246	33	8
247	32	8
248	31	8
249	31	8
250	30	6
251	30	6
252	30	6
253	31	6
254	31	6
255	31	6
256	31	6
257	31	6
258	31	6
259	31	6
260	30	6
261	29	6
262	28	6
263	28	6
264	28	6
265	28	6
266	28	6
267	28	6
268	28	6
269	28	6
270	28	6
271	28	6
272	28	6
273	28	6
274	28	6
275	27	6
276	27	6
277	27	6
278	27	6
279	27	6
280	27	6
281	27	6
282	27	6
283	27	6
284	27	6
285	27	6
286	27	6
287	27	6
288	27	6
289	27	6
290	27	6
291	27	6
292	27	6
293	27	6
294	27	6
295	27	6
296	27	6
297	27	6
298	27	6
299	27	6
300	27	6
301	27	6
302	27	6
303	27	6
304	27	6
305	27	6
306	27	6
307	26	6
308	26	6
309	26	6
310	26	6
311	25	6
312	25	6
313	25	6
314	25	6
315	25	6
316	25	6
317	25	6
318	25	6
319	25	6
320	25	6
321	25	6
322	25	6
323	24	6
324	24	6
325	24	6
326	24	6
327	24	6
328	24	6
329	24	6
330	24	6
331	25	6
332	24	6
333	24	6
334	24	6
335	24	6
336	24	6
337	24	6
338	24	6
339	24	6
340	24	6
341	24	6
342	24	6
343	25	6
344	25	6
345	25	6
346	25	6
347	25	6
348	25	6
349	25	6
350	25	6
351	25	6
352	25	6
353	25	6
354	25	5
355	25	6
356	25	6
357	25	6
358	25	6
359	25	6
360	25	6
361	25	6
362	25	6
363	25	6
364	26	6
365	26	6
366	26	6
367	26	6
368	26	6
369	26	6
370	26	6
371	26	6
372	26	6
373	27	6
374	27	6
375	27	6
376	27	6
377	27	6
378	27	6
379	27	6
380	27	6
381	27	6
382	27	6
383	27	6
384	27	6
385	27	6
386	27	6
387	27	6
388	27	6
389	27	6
390	27	6
391	27	6
392	27	6
393	27	6
394	27	6
395	27	5
396	27	5
397	27	5
398	27	5
399	27	5
400	27	5
401	26	5
402	26	5
403	26	5
404	25	5
405	25	5
406	24	5
407	24	5
408	24	5
409	24	5
410	24	5
411	24	5
412	24	5
413	24	5
414	24	5
415	24	5
416	23	5
417	23	5
418	23	5
419	23	5
420	23	5
421	23	5
422	23	5
423	25	5
424	24	5
425	24	4
426	25	4
427	25	4
428	25	4
429	25	4
430	26	4
431	26	4
432	26	4
433	27	4
434	26	4
435	26	4
436	26	4
437	26	4
438	26	4
439	26	4
440	26	4
441	26	4
442	26	4
443	26	4
444	26	5
445	26	5
446	26	5
447	25	5
448	25	5
449	25	5
450	25	5
451	25	5
452	25	5
453	26	5
454	26	5
455	26	5
456	26	5
457	26	5
458	26	5
459	27	5
460	27	5
461	27	5
462	27	5
463	27	4
464	27	4
465	27	4
466	27	4
467	27	4
468	27	4
469	27	4
470	27	4
471	27	4
472	27	4
473	26	4
474	26	4
475	27	4
476	27	4
477	26	4
478	26	4
479	26	4
480	27	4
481	27	5
482	27	5
483	27	5
484	27	5
485	27	5
486	27	5
487	27	5
488	27	5
489	27	5
490	27	5
491	28	5
492	28	5
493	28	5
494	29	5
495	29	5
496	29	5
497	29	5
498	29	5
499	29	5
500	29	5
501	30	5
502	30	5
503	31	5
504	31	5
505	31	5
506	31	5
507	31	5
508	31	5
509	31	5
510	31	5
511	31	5
512	31	5
513	31	5
514	31	5
515	32	5
516	33	5
517	33	5
518	33	5
519	33	5
520	34	5
521	34	5
522	34	5
523	34	5
524	34	5
525	34	5
526	34	5
527	34	5
528	34	5
529	34	5
530	34	5
531	34	5
532	34	5
533	34	5
534	34	5
535	34	5
536	34	5
537	34	5
538	35	5
539	36	5
540	36	5
541	36	5
542	37	5
543	37	5
544	37	5
545	36	5
546	37	5
547	37	5
548	36	5
549	36	5
550	36	5
551	35	5
552	35	5
553	35	5
554	35	5
555	35	5
556	35	6
557	35	6
558	35	6
559	35	6
560	35	6
561	35	6
562	35	6
563	36	6
564	36	6
565	36	6
566	36	6
567	36	6
568	36	6
569	36	6
570	36	6
571	36	6
572	36	6
573	36	6
574	36	6
575	36	6
576	36	6
577	36	6
578	36	6
579	36	6
580	36	6
581	34	6
582	34	6
583	34	6
584	34	6
585	34	6
586	34	6
587	34	6
588	34	6
589	34	6
590	35	6
591	35	6
592	36	6
593	36	6
594	36	6
595	36	6
596	36	6
597	36	6
598	36	6
599	36	6
600	36	6
601	37	6
602	38	6
603	38	6
604	38	6
605	38	6
606	38	6
607	38	6
608	38	6
609	39	6
610	40	6
611	40	6
612	40	6
613	40	6
614	41	6
615	41	6
616	41	6
617	42	6
618	42	6
619	42	6
620	42	6
621	42	6
622	42	6
623	42	6
624	41	6
625	41	6
626	42	6
627	41	6
628	41	6
629	40	6
630	40	6
631	40	6
632	40	6
633	40	6
634	39	6
635	39	6
636	40	6
637	40	6
638	40	6
639	41	6
640	41	6
641	41	6
642	41	6
643	41	6
644	41	6
645	41	6
646	41	6
647	41	6
648	41	6
649	41	6
650	42	6
651	42	6
652	42	6
653	42	6
654	42	6
655	43	6
656	43	6
657	43	6
658	44	6
659	44	6
660	45	6
661	45	6
662	46	6
663	46	6
664	46	6
665	46	6
666	46	6
667	48	6
668	48	6
669	49	6
670	49	6
671	49	6
672	49	6
673	49	6
674	51	6
675	51	6
676	51	6
677	50	6
678	50	6
679	50	6
680	50	6
681	50	6
682	50	6
683	50	7
684	50	7
685	51	7
686	51	7
687	51	7
688	51	7
689	50	7
690	50	7
691	50	7
692	49	7
693	49	7
694	49	7
695	48	7
696	48	7
697	48	7
698	47	7
699	47	7
700	48	7
701	48	7
702	48	7
703	48	7
704	46	7
705	46	7
706	46	7
707	46	7
708	46	7
709	47	7
710	47	7
711	47	6
712	47	6
713	47	6
714	47	6
715	47	6
716	49	6
717	49	6
718	50	6
719	50	6
720	50	6
721	51	6
722	51	6
723	51	6
724	51	6
725	51	6
726	51	6
727	51	6
728	50	6
729	50	6
730	50	6
731	50	6
732	50	6
733	50	6
734	50	6
735	49	6
736	49	6
737	49	6
738	49	6
739	48	6
740	47	6
741	47	6
742	47	6
743	47	6
744	47	6
745	47	6
746	47	6
747	46	6
748	46	6
749	46	6
750	47	7
751	47	7
752	47	7
753	48	7
754	48	7
755	49	7
756	49	7
757	49	7
758	49	7
759	49	7
760	49	7
761	49	7
762	49	7
763	49	7
764	51	7
765	50	7
766	50	7
767	50	7
768	50	7
769	50	7
770	50	7
771	50	7
772	50	7
773	50	7
774	51	7
775	51	7
776	51	7
777	51	7
778	51	7
779	51	7
780	51	7
781	51	7
782	51	7
783	51	7
784	51	7
785	51	7
786	51	7
787	52	7
788	52	7
789	52	7
790	52	7
791	52	7
792	52	7
793	51	7
794	51	7
795	51	7
796	51	7
797	52	7
798	52	7
799	53	7
800	53	7
801	54	7
802	54	7
803	55	7
804	55	8
805	56	8
806	56	8
807	56	7
808	57	7
809	56	7
810	56	7
811	56	7
812	55	7
813	55	7
814	55	7
815	55	7
816	55	7
817	55	7
818	55	7
819	55	7
820	55	7
821	56	7
822	56	7
823	56	7
824	56	7
825	56	7
826	57	7
827	57	7
828	57	7
829	57	7
830	56	7
831	56	7
832	56	7
833	58	7
834	58	7
835	58	7
836	58	7
837	58	7
838	57	7
839	56	7
840	55	7
841	56	7
842	55	7
843	54	7
844	54	7
845	54	7
846	54	7
847	54	7
848	54	7
849	54	7
850	54	7
851	55	7
852	56	7
853	56	7
854	56	7
855	57	7
856	57	7
857	57	7
858	57	7
859	57	7
860	57	7
861	56	7
862	55	7
863	55	7
864	55	7
865	55	7
866	54	7
867	53	7
868	53	7
869	53	7
870	52	7
871	51	7
872	51	7
873	51	7
874	51	7
875	50	7
876	50	7
877	50	7
878	50	7
879	50	7
880	50	7
881	50	7
882	51	7
883	51	7
884	51	7
885	51	7
886	51	7
887	51	7
888	52	7
889	52	7
890	51	7
891	52	7
892	52	7
893	52	7
894	52	7
895	52	7
896	52	7
897	52	7
898	52	7
899	53	7
900	53	7
901	53	7
902	53	7
903	54	7
904	54	7
905	54	7
906	54	7
907	54	6
908	55	6
909	55	6
910	55	6
911	55	6
912	55	6
913	55	6
914	55	6
915	55	6
916	54	6
917	54	6
918	54	6
919	54	6
920	54	6
921	54	6
922	55	6
923	55	6
924	55	6
925	56	6
926	56	6
927	56	6
928	55	6
929	54	6
930	54	6
931	54	6
932	54	6
933	54	6
934	54	6
935	54	6
936	54	6
937	54	6
938	55	6
939	56	6
940	55	6
941	55	6
942	56	6
943	56	6
944	56	6
945	56	6
946	56	6
947	56	6
948	56	6
949	56	6
950	56	6
951	56	6
952	55	6
953	55	6
954	54	6
955	54	6
956	54	6
957	54	6
958	54	6
959	54	6
960	54	6
961	54	6
962	54	6
963	54	6
964	54	6
965	54	6
966	54	6
967	54	6
968	54	6
969	54	6
970	56	6
971	56	6
972	56	6
973	56	6
974	56	6
975	56	6
976	56	6
977	57	6
978	57	6
979	57	6
980	57	6
981	56	6
982	56	6
983	56	6
984	56	6
985	56	6
986	56	6
987	56	6
988	56	6
989	58	6
990	58	6
991	58	6
992	58	6
993	58	6
994	58	6
995	58	6
996	58	6
997	57	6
998	56	6
999	56	6
1000	56	6
1001	56	5
1002	56	5
1003	56	5
1004	56	5
1005	56	5
1006	56	5
1007	55	5
1008	55	5
1009	52	5
1010	53	5
1011	52	5
1012	52	5
1013	52	5
1014	52	5
1015	52	5
1016	53	5
1017	55	5
1018	56	5
1019	55	5
1020	55	5
1021	55	5
1022	54	5
1023	54	5
1024	54	5
1025	53	5
1026	53	5
1027	51	5
1028	50	5
1029	50	5
1030	51	5
1031	52	5
1032	52	5
1033	52	5
1034	52	5
1035	53	5
1036	52	5
1037	52	5
1038	51	5
1039	54	5
1040	54	5
1041	54	5
1042	54	5
1043	54	5
1044	54	5
1045	54	5
1046	54	5
1047	54	5
1048	54	5
1049	54	5
1050	54	5
1051	53	5
1052	52	5
1053	52	5
1054	52	5
1055	51	4
1056	51	4
1057	51	4
1058	51	4
1059	51	4
1060	53	4
1061	53	4
1062	53	5
1063	53	5
1064	52	5
1065	52	5
1066	52	5
1067	52	5
1068	51	5
1069	51	5
1070	51	5
1071	51	5
1072	51	5
1073	51	5
1074	51	5
1075	49	5
1076	48	5
1077	47	5
1078	47	5
1079	47	5
1080	47	5
1081	47	5
1082	47	5
1083	47	5
1084	47	5
1085	46	5
1086	46	5
1087	46	5
1088	46	5
1089	47	5
1090	46	5
1091	46	5
1092	45	5
1093	44	5
1094	42	5
1095	42	5
1096	42	5
1097	42	5
1098	42	5
1099	42	5
1100	42	5
1101	42	5
1102	42	5
1103	42	5
1104	42	5
1105	42	5
1106	42	5
1107	42	5
1108	43	5
1109	43	5
1110	43	5
1111	43	5
1112	43	5
1113	44	5
1114	44	5
1115	44	5
1116	44	5
1117	43	5
1118	42	5
1119	42	5
1120	42	5
1121	42	5
1122	42	5
1123	41	5
1124	41	5
1125	41	5
1126	41	5
1127	41	5
1128	41	5
1129	41	5
1130	41	6
1131	41	6
1132	42	7
1133	43	7
1134	44	6
1135	44	6
1136	44	6
1137	44	6
1138	44	6
1139	44	6
1140	44	6
1141	44	6
1142	44	6
1143	44	6
1144	44	6
1145	44	6
1146	43	6
1147	43	6
1148	43	6
1149	43	6
1150	43	6
1151	43	6
1152	43	6
1153	43	6
1154	43	6
1155	44	6
1156	44	6
1157	44	6
1158	43	6
1159	43	6
1160	43	6
1161	43	6
1162	43	6
1163	43	6
1164	43	6
1165	42	6
1166	42	6
1167	42	6
1168	42	6
1169	43	6
1170	43	6
1171	42	6
1172	42	6
1173	43	6
1174	44	6
1175	44	6
1176	45	6
1177	45	7
1178	45	7
1179	45	7
1180	45	7
1181	45	7
1182	45	7
1183	45	7
1184	46	7
1185	46	7
1186	45	7
1187	45	7
1188	45	7
1189	46	7
1190	45	7
1191	47	7
1192	47	7
1193	47	7
1194	46	7
1195	46	7
1196	46	7
1197	46	7
1198	45	7
1199	45	7
1200	45	7
1201	45	7
1202	45	7
1203	45	7
1204	45	7
1205	45	7
1206	44	7
1207	44	7
1208	44	7
1209	44	7
1210	44	7
1211	42	7
1212	42	7
1213	42	7
1214	42	7
1215	41	7
1216	41	7
1217	42	7
1218	42	7
1219	42	7
1220	42	7
1221	44	7
1222	44	7
1223	45	7
1224	46	7
1225	46	7
1226	46	7
1227	46	7
1228	46	7
1229	46	7
1230	46	7
1231	46	7
1232	47	7
1233	47	7
1234	46	7
1235	46	7
1236	47	7
1237	48	7
1238	48	7
1239	49	7
1240	47	7
1241	46	7
1242	46	7
1243	46	7
1244	46	7
1245	45	7
1246	45	7
1247	45	7
1248	45	7
1249	45	7
1250	45	7
1251	45	7
1252	46	7
1253	46	7
1254	47	7
1255	47	7
1256	47	7
1257	47	7
1258	47	7
1259	46	7
1260	46	7
1261	46	7
1262	46	7
1263	46	7
1264	46	7
1265	46	7
1266	46	7
1267	46	7
1268	46	7
1269	46	7
1270	46	7
1271	46	7
1272	46	7
1273	48	7
1274	48	7
1275	48	7
1276	48	7
1277	49	7
1278	50	7
1279	50	7
1280	50	7
1281	50	7
1282	50	7
1283	50	7
1284	50	7
1285	49	7
1286	49	7
1287	49	7
1288	49	7
1289	49	7
1290	49	7
1291	49	7
1292	49	7
1293	49	7
1294	49	7
1295	49	7
1296	49	7
1297	50	7
1298	50	7
1299	50	7
1300	50	7
1301	50	7
1302	50	7
1303	49	7
1304	49	7
1305	49	7
1306	50	7
1307	50	8
1308	51	8
1309	51	8
1310	51	8
1311	51	8
1312	51	8
1313	52	7
1314	51	7
1315	51	7
1316	51	7
1317	52	7
1318	51	7
1319	51	7
1320	51	7
1321	51	7
1322	51	7
1323	51	7
1324	51	7
1325	51	7
1326	51	7
1327	51	7
1328	51	7
1329	51	7
1330	51	7
1331	51	8
1332	51	8
1333	51	8
1334	51	8
1335	51	8
1336	50	9
1337	50	9
1338	50	9
1339	50	9
1340	50	9
1341	50	9
1342	50	9
1343	49	9
1344	49	9
1345	48	9
1346	47	10
1347	46	10
1348	46	10
1349	45	10
1350	44	10
1351	44	10
1352	44	10
1353	44	10
1354	44	10
1355	44	10
1356	43	10
1357	43	10
1358	42	9
1359	42	9
1360	42	9
1361	42	9
1362	42	9
1363	42	9
1364	42	9
1365	42	9
1366	42	9
1367	42	9
1368	42	9
1369	42	9
1370	42	9
1371	42	9
1372	42	9
1373	42	9
1374	43	9
1375	43	9
1376	43	9
1377	44	9
1378	43	9
1379	42	9
1380	43	9
1381	43	9
1382	43	9
1383	43	9
1384	43	9
1385	42	9
1386	42	9
1387	43	9
1388	43	9
1389	42	10
1390	42	10
1391	42	10
1392	40	10
1393	40	10
1394	40	10
1395	40	10
1396	40	10
1397	39	10
1398	39	10
1399	39	10
1400	39	10
1401	39	10
1402	38	10
1403	38	9
1404	38	9
1405	38	9
1406	37	9
1407	37	9
1408	36	9
1409	36	9
1410	36	9
1411	36	9
1412	35	9
1413	35	9
1414	35	9
1415	35	9
1416	35	9
1417	34	9
1418	34	9
1419	34	9
1420	34	9
1421	34	9
1422	33	9
1423	33	9
1424	33	9
1425	32	9
1426	32	9
1427	32	9
1428	32	9
1429	32	9
1430	31	9
1431	31	9
1432	31	9
1433	32	9
1434	32	9
1435	32	9
1436	32	9
1437	32	9
1438	31	9
1439	31	9
1440	31	9
1441	31	9
1442	31	9
1443	32	9
1444	32	9
1445	33	9
1446	33	9
1447	33	9
1448	32	9
1449	31	9
1450	31	9
1451	31	9
1452	31	9
1453	30	9
1454	30	9
1455	30	9
1456	30	9
1457	30	9
1458	30	9
1459	29	9
1460	29	9
1461	28	9
1462	29	9
1463	29	9
1464	29	9
1465	29	9
1466	30	9
1467	30	9
1468	31	9
1469	31	9
1470	32	9
1471	32	9
1472	32	9
1473	32	9
1474	32	9
1475	32	9
1476	32	9
1477	31	9
1478	30	9
1479	29	9
1480	29	9
1481	29	9
1482	29	9
1483	29	9
1484	29	9
1485	29	9
1486	29	9
1487	30	9
1488	30	9
1489	28	9
1490	29	9
1491	29	9
1492	30	9
1493	30	9
1494	30	9
1495	30	9
1496	29	9
1497	29	9
1498	29	9
1499	29	9
1500	29	9
1501	29	9
1502	29	9
1503	31	9
1504	31	9
1505	31	9
1506	31	9
1507	30	9
1508	30	8
1509	30	8
1510	30	8
1511	30	8
1512	31	8
1513	31	8
1514	31	8
1515	32	8
1516	32	8
1517	31	8
1518	32	8
1519	32	8
1520	32	8
1521	32	8
1522	32	8
1523	31	8
1524	31	8
1525	31	8
1526	31	8
1527	31	8
1528	31	8
1529	32	8
1530	32	8
1531	32	8
1532	32	8
1533	32	8
1534	31	8
1535	32	8
1536	32	8
1537	32	8
1538	32	8
1539	32	8
1540	33	8
1541	33	8
1542	33	8
1543	33	8
1544	33	8
1545	33	8
1546	33	8
1547	33	8
1548	33	8
1549	33	8
1550	33	8
1551	33	8
1552	33	8
1553	33	8
1554	33	8
1555	33	8
1556	33	7
1557	33	7
1558	33	7
1559	33	7
1560	33	7
1561	33	7
1562	33	7
1563	33	7
1564	34	7
1565	34	7
1566	34	7
1567	34	7
1568	33	7
1569	34	7
1570	34	7
1571	33	7
1572	33	7
1573	33	7
1574	33	7
1575	33	7
1576	34	7
1577	34	7
1578	34	7
1579	34	7
1580	34	7
1581	33	7
1582	33	6
1583	33	6
1584	33	6
1585	33	6
1586	33	6
1587	33	6
1588	33	6
1589	34	6
1590	34	6
1591	34	6
1592	34	6
1593	34	6
1594	35	6
1595	35	6
1596	33	6
1597	33	5
1598	34	5
1599	33	5
1600	33	5
1601	33	5
1602	33	5
1603	33	5
1604	33	5
1605	33	5
1606	33	5
1607	33	5
1608	33	5
1609	34	5
1610	34	5
1611	34	5
1612	34	5
1613	35	5
1614	35	5
1615	35	5
1616	35	5
1617	36	5
1618	36	5
1619	38	5
1620	38	5
1621	38	5
1622	38	5
1623	38	5
1624	38	5
1625	38	5
1626	38	5
1627	38	5
1628	37	5
1629	37	5
1630	37	5
1631	37	5
1632	37	5
1633	37	5
1634	36	5
1635	36	5
1636	36	5
1637	36	5
1638	35	5
1639	35	5
1640	35	4
1641	35	4
1642	35	4
1643	36	4
1644	36	4
1645	36	4
1646	36	4
1647	38	4
1648	38	4
1649	38	4
1650	39	4
1651	40	4
1652	40	4
1653	40	4
1654	41	4
1655	41	4
1656	41	4
1657	42	4
1658	42	4
1659	42	4
1660	42	4
1661	42	4
1662	43	4
1663	43	4
1664	43	4
1665	43	4
1666	44	4
1667	44	4
1668	44	4
1669	44	4
1670	44	4
1671	44	4
1672	45	4
1673	45	4
1674	46	4
1675	47	4
1676	47	4
1677	50	4
1678	50	4
1679	51	4
1680	52	4
1681	52	4
1682	52	4
1683	52	4
1684	52	4
1685	53	4
1686	53	4
1687	53	4
1688	53	4
1689	53	4
1690	53	4
1691	52	5
1692	52	5
1693	51	5
1694	50	5
1695	51	5
1696	51	5
1697	52	5
1698	54	5
1699	54	5
1700	54	5
1701	54	5
1702	55	5
1703	55	5
1704	54	6
1705	55	6
1706	55	6
1707	55	6
1708	55	6
1709	55	7
1710	55	7
1711	55	7
1712	55	7
1713	55	7
1714	56	7
1715	56	7
1716	56	7
1717	55	7
1718	55	7
1719	55	7
1720	55	7
1721	55	7
1722	55	7
1723	55	7
1724	55	7
1725	55	7
1726	55	7
1727	56	7
1728	56	7
1729	56	7
1730	55	7
1731	55	7
1732	56	7
1733	56	7
1734	56	7
1735	56	7
1736	56	7
1737	56	7
1738	56	7
1739	57	7
1740	59	7
1741	60	7
1742	60	7
1743	60	7
1744	61	7
1745	61	7
1746	63	7
1747	64	7
1748	64	7
1749	64	7
1750	64	7
1751	64	7
1752	65	7
1753	64	7
1754	63	7
1755	63	7
1756	63	7
1757	63	7
1758	64	7
1759	64	7
1760	64	7
1761	64	7
1762	64	7
1763	65	7
1764	64	7
1765	63	7
1766	63	7
1767	63	7
1768	64	7
1769	64	7
1770	63	7
1771	63	7
1772	65	7
1773	65	7
1774	65	7
1775	65	8
1776	65	8
1777	65	8
1778	67	8
1779	68	8
1780	68	8
1781	68	8
1782	68	8
1783	68	8
1784	68	8
1785	68	8
1786	68	8
1787	68	7
1788	68	7
1789	68	7
1790	67	7
1791	67	7
1792	67	7
1793	67	7
1794	67	8
1795	66	8
1796	66	8
1797	66	8
1798	66	8
1799	67	8
1800	68	8
1801	68	8
1802	69	8
1803	69	8
1804	69	8
1805	70	8
1806	70	8
1807	70	8
1808	70	8
1809	71	8
1810	71	8
1811	71	8
1812	71	8
1813	71	8
1814	70	8
1815	70	8
1816	70	8
1817	69	8
1818	68	8
1819	67	8
1820	67	8
1821	67	8
1822	68	8
1823	68	8
1824	68	8
1825	68	8
1826	68	8
1827	69	8
1828	70	8
1829	70	8
1830	72	8
1831	72	8
1832	72	8
1833	72	8
1834	72	8
1835	72	8
1836	73	8
1837	73	8
1838	73	8
1839	73	8
1840	72	8
1841	72	8
1842	71	8
1843	71	8
1844	71	8
1845	71	8
1846	72	8
1847	73	8
1848	71	8
1849	71	8
1850	70	8
1851	70	8
1852	71	8
1853	71	8
1854	71	8
1855	70	8
1856	70	8
1857	70	8
1858	70	8
1859	70	8
1860	70	8
1861	69	8
1862	70	8
1863	70	8
1864	70	8
1865	69	8
1866	69	8
1867	69	8
1868	69	8
1869	69	8
1870	70	8
1871	69	8
1872	70	8
1873	69	8
1874	68	8
1875	69	8
1876	68	8
1877	68	9
1878	66	9
1879	66	9
1880	65	9
1881	66	9
1882	67	9
1883	67	9
1884	67	9
1885	67	9
1886	67	9
1887	66	9
1888	66	9
1889	66	9
1890	66	9
1891	66	9
1892	66	9
1893	66	9
1894	66	9
1895	67	9
1896	66	9
1897	66	9
1898	66	9
1899	65	9
1900	65	9
1901	65	9
1902	66	9
1903	65	9
1904	66	9
1905	65	9
1906	64	9
1907	64	9
1908	66	9
1909	66	9
1910	67	9
1911	64	9
1912	63	9
1913	59	9
1914	59	9
1915	60	9
1916	57	9
1917	57	8
1918	57	8
1919	57	8
1920	57	8
1921	57	8
1922	57	8
1923	56	8
1924	57	8
1925	57	8
1926	56	8
1927	56	8
1928	56	8
1929	56	8
1930	56	8
1931	56	8
1932	56	8
1933	57	8
1934	57	8
1935	57	8
1936	57	8
1937	57	8
1938	58	8
1939	59	8
1940	59	8
1941	59	8
1942	60	8
1943	60	8
1944	60	8
1945	60	8
1946	60	8
1947	59	8
1948	59	9
1949	60	9
1950	60	10
1951	60	10
1952	60	10
1953	59	11
1954	58	11
1955	58	12
1956	58	12
1957	58	12
1958	58	12
1959	58	12
1960	58	11
1961	59	11
1962	59	11
1963	59	11
1964	59	11
1965	59	11
1966	59	11
1967	59	11
1968	59	11
1969	59	11
1970	58	11
1971	58	11
1972	58	11
1973	58	11
1974	58	11
1975	58	11
1976	57	11
1977	57	11
1978	56	11
1979	55	11
1980	55	11
1981	54	11
1982	54	11
1983	54	11
1984	54	11
1985	53	11
1986	54	12
1987	54	12
1988	54	12
1989	54	12
1990	54	12
1991	55	12
1992	55	12
1993	55	12
1994	56	12
1995	57	12
1996	57	12
1997	57	12
1998	57	12
1999	57	12
2000	57	12
2001	57	12
2002	58	12
2003	58	12
2004	57	12
2005	57	12
2006	57	12
2007	57	12
2008	57	12
2009	56	12
2010	56	12
2011	57	12
2012	57	12
2013	57	12
2014	57	12
2015	57	12
2016	57	12
2017	57	12
2018	57	12
2019	57	12
2020	56	12
2021	57	12
2022	56	12
2023	56	12
2024	56	12
2025	56	12
2026	55	11
2027	55	11
2028	55	11
2029	53	11
2030	53	11
2031	52	11
2032	52	11
2033	52	11
2034	52	11
2035	52	11
2036	52	11
2037	52	11
2038	52	11
2039	51	11
2040	51	11
2041	50	11
2042	50	11
2043	50	11
2044	50	11
2045	50	10
2046	50	11
2047	50	11
2048	50	11
2049	51	11
2050	49	11
2051	49	11
2052	49	11
2053	49	11
2054	49	11
2055	49	11
2056	50	11
2057	50	11
2058	50	11
2059	49	11
2060	49	11
2061	49	11
2062	49	11
2063	50	11
2064	50	11
2065	50	11
2066	50	11
2067	50	11
2068	50	11
2069	51	11
2070	51	11
2071	50	11
2072	50	11
2073	49	11
2074	49	11
2075	49	11
2076	49	11
2077	49	11
2078	49	11
2079	48	11
2080	48	11
2081	48	11
2082	48	11
2083	49	11
2084	50	11
2085	51	11
2086	50	11
2087	52	11
2088	52	11
2089	52	11
2090	52	11
2091	52	11
2092	50	11
2093	50	11
2094	50	11
2095	50	11
2096	49	11
2097	47	11
2098	45	11
2099	45	11
2100	44	11
2101	44	11
2102	44	11
2103	43	11
2104	43	11
2105	43	11
2106	43	11
2107	44	11
2108	44	11
2109	44	11
2110	45	11
2111	45	11
2112	45	11
2113	44	11
2114	44	11
2115	43	11
2116	43	11
2117	43	11
2118	44	11
2119	44	11
2120	44	11
2121	44	11
2122	44	11
2123	43	11
2124	43	11
2125	42	11
2126	43	11
2127	43	11
2128	44	11
2129	44	11
2130	44	10
2131	44	10
2132	44	10
2133	44	10
2134	43	10
2135	43	10
2136	44	10
2137	44	10
2138	44	10
2139	44	10
2140	45	10
2141	45	10
2142	45	10
2143	44	10
2144	44	10
2145	44	10
2146	44	10
2147	44	10
2148	44	10
2149	44	10
2150	44	10
2151	44	10
2152	44	10
2153	45	10
2154	45	10
2155	45	10
2156	45	10
2157	46	10
2158	46	10
2159	46	10
2160	46	10
2161	46	10
2162	43	10
2163	43	10
2164	43	10
2165	43	10
2166	43	10
2167	44	10
2168	44	10
2169	44	10
2170	44	10
2171	44	10
2172	44	10
2173	43	10
2174	43	10
2175	43	11
2176	43	10
2177	43	10
2178	42	10
2179	41	10
2180	41	10
2181	40	10
2182	40	10
2183	40	10
2184	41	10
2185	41	10
2186	41	10
2187	41	10
2188	41	10
2189	42	10
2190	42	10
2191	42	10
2192	41	10
2193	41	10
2194	41	10
2195	41	10
2196	41	10
2197	41	10
2198	41	10
2199	41	9
2200	41	9
2201	41	9
2202	42	9
2203	42	9
2204	42	8
2205	42	8
2206	43	7
2207	43	7
2208	41	7
2209	42	7
2210	43	7
2211	43	7
2212	43	7
2213	44	7
2214	43	7
2215	44	7
2216	44	7
2217	44	7
2218	45	7
2219	45	7
2220	45	7
2221	45	7
2222	45	7
2223	46	7
2224	46	7
2225	45	7
2226	46	7
2227	46	7
2228	46	7
2229	46	7
2230	46	7
2231	46	7
2232	46	7
2233	46	7
2234	45	7
2235	45	7
2236	46	7
2237	46	7
2238	45	7
2239	44	7
2240	44	7
2241	44	7
2242	44	7
2243	45	7
2244	44	7
2245	44	7
2246	44	7
2247	44	7
2248	44	7
2249	44	7
2250	45	7
2251	45	7
2252	45	7
2253	45	7
2254	45	7
2255	46	7
2256	46	7
2257	45	7
2258	45	7
2259	45	7
2260	45	7
2261	45	7
2262	45	7
2263	45	7
2264	44	7
2265	44	7
2266	45	7
2267	45	7
2268	45	7
2269	46	7
2270	46	7
2271	46	7
2272	46	7
2273	46	7
2274	46	7
2275	46	7
2276	47	7
2277	48	7
2278	48	7
2279	47	7
2280	47	7
2281	48	7
2282	48	7
2283	48	7
2284	48	7
2285	48	7
2286	47	7
2287	48	7
2288	48	7
2289	48	7
2290	48	7
2291	48	7
2292	47	7
2293	47	7
2294	48	7
2295	48	7
2296	48	7
2297	48	7
2298	48	7
2299	48	7
2300	48	7
2301	48	7
2302	48	7
2303	48	7
2304	48	7
2305	48	7
2306	47	7
2307	47	7
2308	47	7
2309	47	7
2310	47	7
2311	47	7
2312	47	7
2313	47	7
2314	47	7
2315	48	7
2316	48	7
2317	48	7
2318	48	7
2319	47	7
2320	47	7
2321	47	7
2322	47	7
2323	47	7
2324	47	7
2325	47	7
2326	47	7
2327	46	7
2328	46	7
2329	46	7
2330	46	7
2331	46	7
2332	46	7
2333	47	8
2334	47	8
2335	47	8
2336	47	8
2337	46	8
2338	46	8
2339	47	8
2340	47	8
2341	47	8
2342	47	8
2343	47	8
2344	48	8
2345	47	8
2346	47	8
2347	47	8
2348	47	8
2349	47	8
2350	47	8
2351	47	8
2352	47	8
2353	48	8
2354	47	8
2355	46	8
2356	46	8
2357	46	8
2358	46	8
2359	46	8
2360	45	8
2361	43	8
2362	43	8
2363	44	8
2364	44	8
2365	44	8
2366	41	9
2367	41	9
2368	41	9
2369	41	9
2370	41	9
2371	42	9
2372	42	9
2373	41	9
2374	41	9
2375	41	9
2376	41	9
2377	40	10
2378	39	10
2379	39	10
2380	39	10
2381	39	10
2382	39	10
2383	39	10
2384	39	10
2385	39	10
2386	39	10
2387	39	10
2388	38	10
2389	37	10
2390	37	10
2391	37	10
2392	36	10
2393	37	10
2394	37	10
2395	37	10
2396	37	10
2397	37	10
2398	37	10
2399	36	10
2400	36	10
2401	36	10
2402	36	10
2403	35	10
2404	35	10
2405	35	10
2406	34	10
2407	33	10
2408	33	10
2409	33	10
2410	33	10
2411	33	10
2412	33	10
2413	33	10
2414	33	10
2415	33	10
2416	33	10
2417	33	10
2418	33	10
2419	33	10
2420	33	10
2421	33	10
2422	34	10
2423	34	10
2424	34	10
2425	35	10
2426	35	9
2427	35	9
2428	35	9
2429	35	9
2430	35	9
2431	35	8
2432	36	8
2433	35	8
2434	35	9
2435	35	9
2436	35	9
2437	35	9
2438	36	9
2439	35	9
2440	34	9
2441	35	9
2442	35	9
2443	35	9
2444	35	9
2445	35	9
2446	34	9
2447	34	9
2448	34	9
2449	34	9
2450	34	10
2451	34	10
2452	34	10
2453	34	10
2454	34	10
2455	34	10
2456	34	10
2457	34	10
2458	34	10
2459	34	10
2460	34	10
2461	34	10
2462	34	10
2463	34	10
2464	34	10
2465	34	10
2466	34	10
2467	34	10
2468	34	10
2469	34	10
2470	34	10
2471	34	10
2472	34	10
2473	34	10
2474	35	10
2475	35	10
2476	36	10
2477	36	10
2478	37	10
2479	39	10
2480	39	10
2481	39	10
2482	38	10
2483	38	10
2484	38	10
2485	38	10
2486	38	10
2487	38	10
2488	37	10
2489	38	10
2490	38	10
2491	37	10
2492	37	10
2493	37	10
2494	38	10
2495	37	10
2496	38	10
2497	38	10
2498	38	10
2499	38	10
2500	38	10
2501	38	10
2502	38	10
2503	38	10
2504	38	10
2505	39	10
2506	39	10
2507	39	10
2508	39	10
2509	39	10
2510	39	10
2511	39	10
2512	39	10
2513	39	10
2514	39	10
2515	39	10
2516	39	10
2517	41	10
2518	42	10
2519	43	10
2520	45	10
2521	46	10
2522	45	10
2523	45	10
2524	45	10
2525	45	10
2526	46	10
2527	46	10
2528	46	10
2529	46	10
2530	46	10
2531	46	10
2532	46	10
2533	46	10
2534	46	10
2535	47	10
2536	47	11
2537	47	11
2538	47	12
2539	46	12
2540	46	12
2541	46	12
2542	45	12
2543	45	12
2544	45	12
2545	45	12
2546	46	12
2547	46	12
2548	47	12
2549	47	12
2550	48	12
2551	47	12
2552	47	12
2553	47	12
2554	47	12
2555	47	12
2556	48	12
2557	48	12
2558	48	12
2559	48	12
2560	48	12
2561	48	12
2562	48	12
2563	48	12
2564	48	12
2565	48	12
2566	48	12
2567	48	12
2568	48	12
2569	49	12
2570	50	12
2571	50	12
2572	49	12
2573	49	12
2574	49	12
2575	49	12
2576	49	12
2577	51	12
2578	50	12
2579	49	12
2580	48	12
2581	49	12
2582	48	12
2583	48	12
2584	47	12
2585	48	12
2586	49	12
2587	49	12
2588	49	12
2589	49	12
2590	50	12
2591	49	12
2592	49	12
2593	49	12
2594	48	12
2595	48	13
2596	48	13
2597	48	13
2598	47	13
2599	47	13
2600	47	13
2601	46	13
2602	46	13
2603	46	13
2604	46	13
2605	46	13
2606	46	13
2607	46	13
2608	46	13
2609	46	13
2610	44	13
2611	44	13
2612	44	13
2613	44	14
2614	43	14
2615	43	14
2616	45	14
2617	45	14
2618	45	14
2619	45	14
2620	43	14
2621	43	14
2622	43	14
2623	43	14
2624	43	14
2625	41	14
2626	41	14
2627	41	14
2628	42	14
2629	42	14
2630	42	14
2631	42	14
2632	42	14
2633	42	14
2634	42	14
2635	41	14
2636	41	14
2637	41	14
2638	41	15
2639	41	15
2640	41	15
2641	41	15
2642	42	15
2643	42	15
2644	42	15
2645	41	15
2646	42	15
2647	42	15
2648	42	15
2649	42	15
2650	43	15
2651	43	15
2652	43	15
2653	43	15
2654	43	15
2655	42	15
2656	42	15
2657	42	15
2658	42	15
2659	42	15
2660	42	15
2661	42	15
2662	42	15
2663	42	15
2664	42	15
2665	42	15
2666	41	15
2667	41	15
2668	41	15
2669	41	15
2670	41	15
2671	41	15
2672	41	14
2673	40	14
2674	40	14
2675	40	14
2676	40	14
2677	38	14
2678	38	14
2679	38	14
2680	38	13
2681	38	13
2682	39	13
2683	39	13
2684	40	13
2685	40	13
2686	40	13
2687	40	13
2688	41	13
2689	41	13
2690	41	13
2691	41	13
2692	41	13
2693	41	14
2694	42	14
2695	42	14
2696	41	14
2697	40	14
2698	39	14
2699	39	14
2700	39	14
2701	39	14
2702	39	14
2703	39	14
2704	39	14
2705	39	14
2706	39	14
2707	39	14
2708	39	14
2709	39	14
2710	39	14
2711	38	14
2712	37	14
2713	37	14
2714	37	14
2715	37	14
2716	37	14
2717	36	14
2718	36	14
2719	36	14
2720	36	14
2721	36	14
2722	36	14
2723	36	14
2724	36	14
2725	36	14
2726	37	15
2727	36	15
2728	36	15
2729	35	15
2730	35	15
2731	35	15
2732	35	15
2733	35	15
2734	34	15
2735	34	15
2736	35	15
2737	35	15
2738	36	15
2739	36	15
2740	36	15
2741	36	15
2742	36	15
2743	36	15
2744	36	15
2745	36	15
2746	36	15
2747	36	15
2748	37	15
2749	38	15
2750	38	15
2751	38	15
2752	38	15
2753	38	15
2754	38	15
2755	37	15
2756	37	15
2757	36	15
2758	36	15
2759	36	15
2760	36	15
2761	36	15
2762	36	15
2763	36	15
2764	36	15
2765	36	15
2766	36	15
2767	36	15
2768	38	15
2769	40	15
2770	40	15
2771	40	15
2772	40	15
2773	40	15
2774	40	15
2775	40	15
2776	40	15
2777	39	15
2778	39	15
2779	39	15
2780	39	15
2781	39	15
2782	39	15
2783	39	15
2784	39	15
2785	39	15
2786	39	15
2787	39	15
2788	38	15
2789	38	14
2790	38	14
2791	38	14
2792	39	13
2793	40	13
2794	40	13
2795	40	13
2796	40	13
2797	39	13
2798	38	13
2799	38	13
2800	37	13
2801	37	13
2802	38	13
2803	38	13
2804	38	13
2805	38	13
2806	38	13
2807	38	13
2808	38	13
2809	37	13
2810	37	13
2811	38	13
2812	38	13
2813	38	13
2814	39	13
2815	39	13
2816	39	13
2817	39	13
2818	37	13
2819	37	13
2820	37	13
2821	37	13
2822	37	13
2823	37	13
2824	36	13
2825	36	13
2826	36	13
2827	36	13
2828	36	13
2829	36	13
2830	37	13
2831	37	13
2832	37	13
2833	37	13
2834	38	13
2835	38	13
2836	37	13
2837	37	13
2838	37	13
2839	37	13
2840	37	13
2841	37	13
2842	37	13
2843	37	13
2844	37	13
2845	37	13
2846	36	13
2847	36	13
2848	36	13
2849	36	13
2850	36	14
2851	36	14
2852	36	14
2853	37	14
2854	37	14
2855	36	14
2856	37	14
2857	37	14
2858	37	14
2859	37	14
2860	37	14
2861	37	14
2862	37	14
2863	37	14
2864	37	14
2865	37	14
2866	36	14
2867	36	14
2868	35	14
2869	34	14
2870	34	14
2871	34	14
2872	34	14
2873	34	14
2874	34	14
2875	34	14
2876	34	14
2877	34	14
2878	33	14
2879	32	14
2880	32	14
2881	33	14
2882	32	14
2883	32	14
2884	32	14
2885	31	13
2886	31	13
2887	31	13
2888	30	13
2889	29	12
2890	30	12
2891	30	12
2892	30	12
2893	30	13
2894	30	13
2895	30	13
2896	30	13
2897	31	13
2898	31	13
2899	31	13
2900	31	13
2901	31	13
2902	30	13
2903	30	13
2904	30	13
2905	30	13
2906	30	13
2907	30	13
2908	30	13
2909	30	13
2910	30	13
2911	30	13
2912	30	13
2913	30	13
2914	30	13
2915	30	13
2916	30	13
2917	30	13
2918	30	13
2919	30	13
2920	30	13
2921	30	13
2922	30	13
2923	31	13
2924	32	13
2925	32	13
2926	32	13
2927	32	14
2928	32	14
2929	34	14
2930	34	14
2931	34	14
2932	34	14
2933	35	14
2934	35	14
2935	35	14
2936	35	14
2937	35	14
2938	35	14
2939	35	14
2940	35	14
2941	35	14
2942	35	14
2943	35	14
2944	35	14
2945	35	14
2946	35	14
2947	35	14
2948	35	14
2949	35	14
2950	34	14
2951	34	14
2952	34	14
2953	34	14
2954	35	14
2955	35	14
2956	35	14
2957	35	14
2958	36	14
2959	36	14
2960	36	14
2961	36	14
2962	36	14
2963	36	14
2964	36	15
2965	36	15
2966	37	15
2967	37	15
2968	37	15
2969	35	15
2970	35	15
2971	35	15
2972	35	15
2973	35	15
2974	35	15
2975	36	15
2976	36	15
2977	37	14
2978	37	14
2979	37	14
2980	37	14
2981	36	14
2982	38	14
2983	37	14
2984	37	14
2985	37	14
2986	37	14
2987	37	14
2988	37	14
2989	37	14
2990	38	14
2991	38	14
2992	38	14
2993	38	14
2994	37	14
2995	37	14
2996	36	14
2997	36	14
2998	35	14
2999	35	15
3000	35	15
3001	35	15
3002	35	15
3003	34	15
3004	33	15
3005	32	15
3006	32	15
3007	32	15
3008	32	15
3009	32	15
3010	32	15
3011	32	15
3012	32	16
3013	33	16
3014	33	16
3015	33	16
3016	33	16
3017	33	16
3018	33	16
3019	33	16
3020	33	16
3021	32	16
3022	32	16
3023	32	16
3024	32	16
3025	32	17
3026	32	17
3027	32	17
3028	32	17
3029	31	17
3030	31	18
3031	31	18
3032	28	18
3033	27	18
3034	27	18
3035	26	18
3036	26	18
3037	26	18
3038	25	18
3039	25	18
3040	25	18
3041	26	18
3042	26	18
3043	26	18
3044	26	18
3045	26	18
3046	26	18
3047	27	18
3048	27	18
3049	27	18
3050	28	18
3051	28	18
3052	27	18
3053	27	18
3054	27	18
3055	27	18
3056	27	18
3057	27	18
3058	27	18
3059	27	18
3060	26	18
3061	26	18
3062	25	18
3063	26	18
3064	26	18
3065	26	18
3066	26	18
3067	26	18
3068	26	18
3069	26	18
3070	26	18
3071	26	19
3072	26	19
3073	26	19
3074	26	19
3075	26	19
3076	26	18
3077	26	18
3078	26	18
3079	26	18
3080	26	18
3081	26	18
3082	26	18
3083	26	18
3084	26	18
3085	26	18
3086	26	19
3087	26	19
3088	26	19
3089	26	19
3090	26	19
3091	27	19
3092	27	19
3093	27	19
3094	27	19
3095	27	19
3096	28	19
3097	28	19
3098	27	19
3099	27	19
3100	27	19
3101	27	19
3102	27	19
3103	28	19
3104	29	19
3105	30	19
3106	30	19
3107	30	19
3108	30	19
3109	30	20
3110	30	20
3111	30	20
3112	31	20
3113	31	20
3114	31	20
3115	31	20
3116	31	20
3117	31	20
3118	31	20
3119	31	20
3120	31	20
3121	32	20
3122	32	20
3123	32	20
3124	32	20
3125	31	20
3126	31	20
3127	31	20
3128	31	20
3129	31	20
3130	30	20
3131	30	20
3132	30	20
3133	30	20
3134	29	20
3135	29	20
3136	29	20
3137	29	20
3138	30	20
3139	30	20
3140	30	20
3141	31	20
3142	31	20
3143	31	20
3144	31	19
3145	31	19
3146	31	19
3147	31	19
3148	31	19
3149	31	19
3150	31	19
3151	31	19
3152	31	19
3153	31	19
3154	31	19
3155	31	19
3156	32	19
3157	32	19
3158	31	19
3159	31	19
3160	31	19
3161	31	19
3162	31	19
3163	31	19
3164	31	19
3165	31	19
3166	31	19
3167	31	19
3168	31	19
3169	31	19
3170	31	19
3171	31	19
3172	31	19
3173	31	19
3174	31	19
3175	31	19
3176	30	20
3177	30	20
3178	31	20
3179	31	20
3180	31	20
3181	31	20
3182	30	20
3183	30	20
3184	31	20
3185	31	20
3186	31	20
3187	31	19
3188	31	19
3189	31	19
3190	31	18
3191	29	18
3192	29	18
3193	31	18
3194	31	18
3195	31	18
3196	31	18
3197	32	18
3198	32	18
3199	32	18
3200	33	18
3201	33	18
3202	33	18
3203	32	18
3204	32	18
3205	32	18
3206	32	18
3207	32	18
3208	34	18
3209	33	18
3210	33	18
3211	33	18
3212	33	18
3213	33	18
3214	33	18
3215	33	18
3216	33	18
3217	33	18
3218	35	18
3219	35	18
3220	35	18
3221	35	18
3222	35	19
3223	35	19
3224	36	19
3225	36	18
3226	37	17
3227	37	17
3228	38	17
3229	38	17
3230	38	17
3231	38	17
3232	38	17
3233	38	17
3234	38	17
3235	38	17
3236	39	18
3237	39	18
3238	40	18
3239	39	18
3240	40	18
3241	40	18
3242	40	18
3243	40	18
3244	40	18
3245	40	18
3246	40	18
3247	41	18
3248	41	18
3249	41	18
3250	41	18
3251	41	18
3252	41	18
3253	41	18
3254	40	18
3255	40	18
3256	40	18
3257	40	18
3258	40	18
3259	40	18
3260	40	18
3261	40	18
3262	40	18
3263	40	17
3264	39	17
3265	40	17
3266	40	17
3267	40	17
3268	40	17
3269	40	17
3270	40	17
3271	40	18
3272	40	18
3273	40	18
3274	40	18
3275	40	18
3276	40	17
3277	40	17
3278	40	17
3279	40	17
3280	41	17
3281	41	16
3282	42	16
3283	42	16
3284	42	16
3285	42	16
3286	42	16
3287	42	16
3288	42	16
3289	42	16
3290	42	16
3291	42	16
3292	42	16
3293	42	16
3294	42	15
3295	42	15
3296	42	15
3297	42	15
3298	42	15
3299	42	15
3300	42	15
3301	42	15
3302	42	15
3303	42	15
3304	42	15
3305	42	15
3306	42	15
3307	41	15
3308	41	15
3309	41	15
3310	41	15
3311	41	15
3312	42	15
3313	42	16
3314	42	16
3315	42	16
3316	42	16
3317	41	16
3318	41	16
3319	41	16
3320	41	16
3321	41	16
3322	41	15
3323	41	15
3324	41	15
3325	41	15
3326	41	15
3327	42	15
3328	42	15
3329	43	15
3330	43	15
3331	43	15
3332	43	15
3333	43	15
3334	43	15
3335	42	15
3336	42	15
3337	42	14
3338	42	15
3339	42	15
3340	42	15
3341	44	15
3342	43	15
3343	43	15
3344	43	15
3345	43	15
3346	44	15
3347	44	15
3348	44	15
3349	44	15
3350	44	15
3351	44	15
3352	44	15
3353	44	14
3354	43	14
3355	43	14
3356	42	14
3357	42	14
3358	42	14
3359	43	14
3360	43	13
3361	43	13
3362	43	13
3363	43	13
3364	43	13
3365	43	13
3366	43	13
3367	44	13
3368	44	14
3369	44	14
3370	44	14
3371	44	13
3372	44	13
3373	45	13
3374	45	13
3375	44	13
3376	44	13
3377	44	13
3378	44	13
3379	44	13
3380	43	13
3381	43	13
3382	44	13
3383	44	13
3384	43	13
3385	43	13
3386	43	13
3387	44	13
3388	44	13
3389	43	13
3390	43	13
3391	43	13
3392	43	13
3393	43	13
3394	42	13
3395	43	13
3396	43	13
3397	43	13
3398	43	13
3399	42	13
3400	42	13
3401	42	13
3402	42	13
3403	42	13
3404	43	13
3405	43	13
3406	43	13
3407	43	13
3408	43	13
3409	42	13
3410	42	13
3411	42	13
3412	42	13
3413	42	13
3414	42	13
3415	42	13
3416	42	13
3417	42	13
3418	42	13
3419	42	13
3420	43	14
3421	43	14
3422	43	14
3423	43	14
3424	43	14
3425	43	14
3426	43	14
3427	42	14
3428	42	14
3429	41	14
3430	41	14
3431	41	14
3432	41	14
3433	41	14
3434	41	14
3435	41	15
3436	41	15
3437	41	15
3438	41	15
3439	40	15
3440	40	16
3441	40	16
3442	40	16
3443	40	16
3444	40	16
3445	40	16
3446	40	16
3447	40	16
3448	40	16
3449	40	16
3450	40	16
3451	40	16
3452	40	16
3453	40	16
3454	40	16
3455	40	16
3456	39	16
3457	39	16
3458	39	16
3459	39	16
3460	39	16
3461	39	16
3462	39	16
3463	39	16
3464	40	15
3465	40	15
3466	39	15
3467	39	15
3468	39	15
3469	39	16
3470	39	16
3471	39	16
3472	37	16
3473	37	15
3474	36	15
3475	36	15
3476	35	15
3477	35	15
3478	35	15
3479	36	15
3480	37	15
3481	37	15
3482	37	15
3483	35	15
3484	34	15
3485	34	15
3486	34	15
3487	34	14
3488	33	14
3489	33	14
3490	33	14
3491	33	14
3492	33	14
3493	33	14
3494	32	15
3495	32	15
3496	30	15
3497	30	15
3498	30	15
3499	30	16
3500	31	16
3501	31	16
3502	31	16
3503	31	16
3504	31	16
3505	31	17
3506	31	17
3507	31	17
3508	31	17
3509	31	17
3510	31	17
3511	31	17
3512	31	17
3513	31	17
3514	31	17
3515	31	17
3516	31	17
3517	30	17
3518	30	17
3519	30	17
3520	29	17
3521	29	17
3522	29	16
3523	29	16
3524	29	16
3525	29	16
3526	29	16
3527	29	16
3528	29	15
3529	29	15
3530	27	15
3531	27	15
3532	27	15
3533	27	15
3534	27	15
3535	27	15
3536	27	15
3537	27	15
3538	27	15
3539	27	15
3540	27	15
3541	27	15
3542	26	15
3543	27	15
3544	27	15
3545	28	15
3546	28	15
3547	28	15
3548	28	15
3549	28	15
3550	28	15
3551	28	15
3552	28	15
3553	28	15
3554	28	15
3555	28	15
3556	28	15
3557	29	15
3558	29	15
3559	29	15
3560	28	15
3561	28	15
3562	28	15
3563	28	16
3564	28	15
3565	28	16
3566	28	16
3567	28	16
3568	28	16
3569	28	16
3570	28	16
3571	28	16
3572	28	16
3573	28	16
3574	27	16
3575	27	16
3576	27	16
3577	27	16
3578	27	16
3579	27	16
3580	26	16
3581	26	16
3582	26	16
3583	25	16
3584	25	16
3585	25	16
3586	25	16
3587	25	16
3588	24	16
3589	24	15
3590	24	15
3591	24	15
3592	23	15
3593	23	16
3594	23	15
3595	23	15
3596	23	15
3597	23	15
3598	23	15
3599	23	15
3600	23	15
3601	23	15
3602	23	15
3603	24	16
3604	24	16
3605	24	16
3606	24	16
3607	25	17
3608	25	17
3609	25	17
3610	25	17
3611	25	17
3612	25	17
3613	25	17
3614	25	17
3615	25	17
3616	24	17
3617	24	17
3618	24	17
3619	24	17
3620	23	17
3621	23	17
3622	23	17
3623	23	17
3624	23	17
3625	23	17
3626	23	17
3627	23	17
3628	23	17
3629	23	17
3630	23	17
3631	23	17
3632	23	17
3633	23	17
3634	23	17
3635	23	17
3636	23	17
3637	22	17
3638	22	17
3639	22	17
3640	22	17
3641	22	17
3642	22	17
3643	22	17
3644	23	17
3645	23	17
3646	24	17
3647	24	17
3648	24	18
3649	26	18
3650	26	18
3651	26	18
3652	26	18
3653	26	17
3654	26	17
3655	26	17
3656	26	17
3657	26	17
3658	26	17
3659	26	17
3660	26	17
3661	27	16
3662	27	16
3663	25	16
3664	25	16
3665	25	16
3666	25	16
3667	26	16
3668	26	16
3669	26	16
3670	26	16
3671	26	14
3672	26	14
3673	26	14
3674	26	14
3675	26	14
3676	25	14
3677	25	14
3678	25	14
3679	25	14
3680	24	14
3681	24	14
3682	24	14
3683	24	14
3684	24	14
3685	24	14
3686	24	15
3687	25	15
3688	25	15
3689	27	15
3690	27	15
3691	27	15
3692	27	15
3693	27	15
3694	27	15
3695	27	15
3696	27	16
3697	27	16
3698	27	16
3699	27	16
3700	27	16
3701	27	16
3702	27	16
3703	27	16
3704	27	17
3705	27	17
3706	27	16
3707	28	16
3708	29	16
3709	30	16
3710	30	16
3711	30	16
3712	31	16
3713	32	16
3714	32	16
3715	32	16
3716	32	16
3717	32	16
3718	32	15
3719	32	15
3720	32	15
3721	31	15
3722	31	15
3723	31	15
3724	32	16
3725	32	15
3726	32	15
3727	32	15
3728	32	15
3729	32	16
3730	32	16
3731	32	16
3732	32	16
3733	31	16
3734	32	16
3735	33	16
3736	33	16
3737	33	16
3738	33	16
3739	33	16
3740	33	16
3741	33	16
3742	33	16
3743	33	16
3744	33	16
3745	33	16
3746	33	17
3747	34	17
3748	34	17
3749	33	17
3750	33	17
3751	33	17
3752	33	17
3753	33	17
3754	34	17
3755	34	17
3756	33	17
3757	33	17
3758	33	17
3759	33	17
3760	33	17
3761	33	18
3762	33	18
3763	33	18
3764	34	18
3765	34	19
3766	34	19
3767	34	19
3768	34	19
3769	33	19
3770	32	19
3771	32	19
3772	32	19
3773	32	19
3774	32	19
3775	32	20
3776	33	21
3777	34	21
3778	34	21
3779	33	21
3780	34	22
3781	34	22
3782	34	22
3783	34	22
3784	33	22
3785	33	22
3786	33	22
3787	35	23
3788	35	23
3789	35	23
3790	35	23
3791	35	23
3792	35	23
3793	35	23
3794	35	22
3795	35	21
3796	35	21
3797	35	21
3798	34	21
3799	34	21
3800	33	21
3801	33	21
3802	33	21
3803	33	21
3804	33	21
3805	33	21
3806	33	21
3807	33	22
3808	33	22
3809	33	22
3810	34	22
3811	34	22
3812	34	22
3813	34	22
3814	34	21
3815	34	21
3816	34	21
3817	33	22
3818	34	22
3819	34	22
3820	34	22
3821	34	22
3822	35	22
3823	35	22
3824	35	22
3825	35	22
3826	35	22
3827	35	22
3828	35	22
3829	36	23
3830	37	23
3831	37	23
3832	37	23
3833	37	23
3834	37	23
3835	38	23
3836	39	23
3837	39	23
3838	39	23
3839	39	23
3840	39	23
3841	39	23
3842	39	23
3843	39	23
3844	39	23
3845	39	23
3846	39	23
3847	39	23
3848	39	23
3849	39	23
3850	39	23
3851	39	23
3852	39	23
3853	39	23
3854	39	23
3855	39	23
3856	39	23
3857	39	23
3858	39	23
3859	39	23
3860	39	24
3861	40	24
3862	40	24
3863	40	24
3864	40	24
3865	39	24
3866	39	24
3867	39	24
3868	39	24
3869	38	25
3870	38	24
3871	38	24
3872	38	24
3873	38	24
3874	38	24
3875	38	24
3876	39	24
3877	40	24
3878	40	24
3879	40	24
3880	40	24
3881	40	24
3882	40	24
3883	40	24
3884	41	25
3885	41	25
3886	41	25
3887	41	25
3888	41	25
3889	41	25
3890	41	25
3891	41	25
3892	41	26
3893	41	26
3894	41	26
3895	41	26
3896	41	26
3897	40	26
3898	40	26
3899	40	25
3900	41	25
3901	41	25
3902	41	25
3903	41	25
3904	42	25
3905	42	25
3906	42	25
3907	42	25
3908	42	25
3909	41	26
3910	41	26
3911	41	26
3912	41	26
3913	41	26
3914	41	27
3915	43	27
3916	43	27
3917	43	27
3918	42	27
3919	42	27
3920	42	26
3921	42	26
3922	42	26
3923	42	26
3924	42	26
3925	42	26
3926	42	26
3927	42	26
3928	42	26
3929	42	26
3930	43	25
3931	43	25
3932	44	25
3933	43	25
3934	43	26
3935	43	26
3936	43	26
3937	44	25
3938	44	25
3939	44	25
3940	44	25
3941	44	25
3942	44	24
3943	44	24
3944	45	24
3945	45	24
3946	45	24
3947	43	24
3948	42	24
3949	42	24
3950	42	23
3951	44	23
3952	43	23
3953	43	23
3954	43	23
3955	43	23
3956	43	23
3957	43	23
3958	43	23
3959	43	23
3960	43	23
3961	43	23
3962	43	22
3963	42	22
3964	42	22
3965	42	22
3966	42	22
3967	42	22
3968	41	22
3969	42	22
3970	43	22
3971	43	22
3972	43	22
3973	43	22
3974	43	22
3975	43	22
3976	43	22
3977	43	22
3978	43	23
3979	43	23
3980	43	23
3981	41	23
3982	41	24
3983	41	24
3984	42	24
3985	42	24
3986	42	24
3987	43	24
3988	43	23
3989	44	23
3990	44	23
3991	44	22
3992	45	22
3993	45	22
3994	45	22
3995	45	22
3996	45	22
3997	45	21
3998	45	21
3999	45	21
4000	45	21
4001	45	21
4002	46	21
4003	46	21
4004	46	21
4005	46	21
4006	46	21
4007	46	21
4008	46	21
4009	46	21
4010	44	21
4011	44	21
4012	44	21
4013	44	21
4014	44	21
4015	43	21
4016	44	21
4017	44	21
4018	44	21
4019	44	21
4020	45	22
4021	45	22
4022	45	22
4023	45	22
4024	45	22
4025	45	22
4026	45	21
4027	45	20
4028	45	20
4029	45	20
4030	45	19
4031	47	19
4032	47	19
4033	47	18
4034	48	18
4035	48	18
4036	48	18
4037	48	18
4038	48	18
4039	47	18
4040	48	18
4041	48	18
4042	48	18
4043	49	18
4044	49	18
4045	49	18
4046	49	18
4047	50	18
4048	50	18
4049	50	18
4050	50	18
4051	50	18
4052	49	18
4053	49	18
4054	49	18
4055	49	18
4056	50	18
4057	50	18
4058	50	18
4059	50	18
4060	50	18
4061	49	18
4062	49	18
4063	49	18
4064	49	18
4065	50	18
4066	48	18
4067	48	18
4068	48	17
4069	48	17
4070	48	17
4071	47	17
4072	47	17
4073	47	17
4074	46	17
4075	46	17
4076	46	17
4077	46	17
4078	46	17
4079	47	17
4080	47	17
4081	47	17
4082	47	17
4083	48	17
4084	48	17
4085	49	17
4086	49	17
4087	49	17
4088	49	17
4089	49	17
4090	48	17
4091	48	17
4092	48	17
4093	49	17
4094	49	17
4095	48	17
4096	47	18
4097	47	19
4098	47	19
4099	47	19
4100	47	19
4101	46	20
4102	46	20
4103	46	21
4104	45	21
4105	45	21
4106	45	21
4107	45	21
4108	44	21
4109	45	21
4110	45	22
4111	44	21
4112	44	21
4113	44	21
4114	45	21
4115	45	21
4116	45	21
4117	44	21
4118	44	21
4119	44	21
4120	44	21
4121	44	21
4122	44	21
4123	43	21
4124	43	21
4125	42	21
4126	42	21
4127	42	21
4128	42	21
4129	41	21
4130	41	21
4131	41	21
4132	41	21
4133	41	21
4134	41	21
4135	41	19
4136	41	19
4137	41	19
4138	41	19
4139	41	19
4140	41	19
4141	41	19
4142	41	19
4143	41	18
4144	40	18
4145	39	18
4146	39	18
4147	39	18
4148	39	18
4149	39	18
4150	39	18
4151	40	18
4152	39	18
4153	38	18
4154	39	18
4155	39	18
4156	38	18
4157	38	18
4158	38	18
4159	38	18
4160	39	17
4161	39	17
4162	39	17
4163	39	17
4164	39	17
4165	39	17
4166	39	17
4167	39	17
4168	39	17
4169	39	17
4170	37	17
4171	37	17
4172	37	17
4173	37	17
4174	38	17
4175	38	17
4176	38	17
4177	38	17
4178	37	17
4179	37	16
4180	37	16
4181	37	16
4182	36	16
4183	36	16
4184	36	16
4185	35	16
4186	35	16
4187	35	16
4188	35	16
4189	35	16
4190	35	16
4191	35	16
4192	34	16
4193	34	16
4194	35	16
4195	35	16
4196	36	16
4197	36	16
4198	36	16
4199	36	16
4200	36	16
4201	36	16
4202	36	16
4203	35	16
4204	35	16
4205	35	16
4206	34	17
4207	33	17
4208	33	17
4209	33	17
4210	33	17
4211	33	17
4212	33	17
4213	33	17
4214	33	17
4215	33	17
4216	33	17
4217	33	17
4218	33	17
4219	32	17
4220	32	17
4221	32	17
4222	32	17
4223	32	17
4224	32	17
4225	32	17
4226	32	17
4227	33	17
4228	33	17
4229	33	17
4230	33	17
4231	33	17
4232	33	17
4233	33	17
4234	33	17
4235	33	17
4236	33	18
4237	33	18
4238	33	18
4239	33	18
4240	33	18
4241	33	19
4242	33	19
4243	33	19
4244	34	19
4245	34	19
4246	34	18
4247	34	18
4248	33	18
4249	33	18
4250	33	18
4251	33	18
4252	33	18
4253	33	18
4254	33	18
4255	32	18
4256	33	18
4257	33	18
4258	33	18
4259	32	18
4260	32	18
4261	32	18
4262	33	18
4263	34	18
4264	34	18
4265	34	18
4266	34	18
4267	34	18
4268	36	18
4269	36	18
4270	37	18
4271	37	18
4272	37	18
4273	37	18
4274	37	18
4275	37	18
4276	38	20
4277	38	20
4278	38	21
4279	38	22
4280	38	22
4281	38	22
4282	38	22
4283	38	22
4284	38	22
4285	38	22
4286	38	22
4287	38	22
4288	38	22
4289	38	22
4290	37	22
4291	37	22
4292	36	22
4293	36	22
4294	36	22
4295	36	22
4296	36	22
4297	36	22
4298	36	22
4299	36	22
4300	37	23
4301	37	23
4302	37	23
4303	37	23
4304	37	23
4305	35	23
4306	35	22
4307	36	22
4308	36	22
4309	36	22
4310	36	22
4311	37	22
4312	37	22
4313	37	22
4314	37	22
4315	37	22
4316	37	22
4317	37	22
4318	37	22
4319	37	22
4320	37	21
4321	37	21
4322	39	20
4323	39	20
4324	39	20
4325	39	20
4326	40	20
4327	40	19
4328	40	19
4329	40	19
4330	40	19
4331	40	19
4332	42	19
4333	42	19
4334	41	19
4335	40	19
4336	39	19
4337	40	19
4338	38	19
4339	38	19
4340	38	19
4341	38	19
4342	38	19
4343	40	19
4344	40	19
4345	39	19
4346	39	19
4347	39	19
4348	38	18
4349	38	18
4350	38	18
4351	38	18
4352	37	18
4353	37	18
4354	37	18
4355	37	18
4356	37	18
4357	37	18
4358	37	18
4359	37	18
4360	37	18
4361	37	18
4362	37	18
4363	36	18
4364	36	18
4365	36	18
4366	36	18
4367	36	18
4368	36	19
4369	35	19
4370	35	19
4371	35	19
4372	35	19
4373	34	19
4374	34	19
4375	35	19
4376	36	20
4377	37	20
4378	37	20
4379	37	20
4380	37	20
4381	36	20
4382	36	20
4383	36	20
4384	36	20
4385	37	20
4386	36	20
4387	36	20
4388	36	20
4389	36	20
4390	36	20
4391	36	20
4392	36	20
4393	36	20
4394	36	20
4395	35	20
4396	35	20
4397	35	20
4398	35	20
4399	35	20
4400	35	20
4401	36	20
4402	36	20
4403	36	20
4404	36	20
4405	35	20
4406	35	20
4407	35	20
4408	35	20
4409	36	19
4410	36	19
4411	36	20
4412	37	20
4413	37	20
4414	37	20
4415	37	20
4416	35	20
4417	35	20
4418	34	20
4419	34	20
4420	34	20
4421	34	20
4422	34	21
4423	34	21
4424	34	21
4425	35	21
4426	36	21
4427	36	21
4428	36	21
4429	36	21
4430	36	21
4431	36	21
4432	37	21
4433	37	21
4434	37	21
4435	38	21
4436	38	21
4437	39	21
4438	39	21
4439	39	21
4440	39	21
4441	37	21
4442	36	21
4443	36	21
4444	36	21
4445	36	21
4446	36	21
4447	37	21
4448	37	21
4449	37	21
4450	37	21
4451	37	21
4452	37	21
4453	37	21
4454	37	21
4455	37	21
4456	37	21
4457	35	21
4458	35	21
4459	35	20
4460	35	20
4461	35	20
4462	35	20
4463	34	20
4464	32	20
4465	32	20
4466	32	20
4467	31	20
4468	31	20
4469	31	20
4470	31	20
4471	31	20
4472	31	20
4473	30	20
4474	30	20
4475	31	20
4476	30	20
4477	29	19
4478	29	19
4479	29	19
4480	29	19
4481	29	19
4482	29	19
4483	27	19
4484	27	19
4485	27	19
4486	27	19
4487	27	18
4488	27	18
4489	27	18
4490	27	18
4491	27	18
4492	27	17
4493	28	17
4494	29	17
4495	30	17
4496	30	17
4497	30	17
4498	30	17
4499	30	17
4500	30	17
4501	30	17
4502	30	17
4503	30	17
4504	30	17
4505	30	17
4506	31	17
4507	31	17
4508	30	17
4509	31	17
4510	31	17
4511	31	17
4512	30	17
4513	30	17
4514	30	17
4515	30	18
4516	31	18
4517	31	18
4518	31	18
4519	31	18
4520	31	18
4521	31	18
4522	31	18
4523	30	18
4524	31	18
4525	31	18
4526	31	18
4527	30	18
4528	30	18
4529	30	18
4530	30	17
4531	31	17
4532	31	17
4533	31	17
4534	31	17
4535	31	17
4536	31	16
4537	31	16
4538	31	16
4539	31	16
4540	31	16
4541	32	16
4542	32	16
4543	32	16
4544	32	16
4545	32	16
4546	32	16
4547	32	16
4548	32	17
4549	32	17
4550	32	17
4551	32	17
4552	32	17
4553	32	17
4554	32	17
4555	32	17
4556	32	17
4557	32	17
4558	32	17
4559	32	17
4560	33	17
4561	33	17
4562	33	17
4563	33	17
4564	34	17
4565	33	17
4566	33	17
4567	33	17
4568	33	17
4569	33	17
4570	33	17
4571	33	17
4572	33	17
4573	33	17
4574	33	17
4575	33	17
4576	32	17
4577	30	17
4578	31	17
4579	31	17
4580	30	17
4581	30	17
4582	30	17
4583	30	17
4584	30	17
4585	30	17
4586	29	18
4587	29	18
4588	29	18
4589	29	18
4590	29	18
4591	29	18
4592	30	18
4593	30	18
4594	30	18
4595	30	18
4596	30	18
4597	30	18
4598	30	18
4599	30	18
4600	30	18
4601	30	18
4602	30	18
4603	29	18
4604	29	18
4605	29	18
4606	29	18
4607	29	18
4608	29	19
4609	29	19
4610	29	19
4611	29	19
4612	29	19
4613	29	19
4614	29	19
4615	29	19
4616	29	19
4617	29	19
4618	29	19
4619	29	19
4620	29	19
4621	29	19
4622	29	19
4623	29	19
4624	29	19
4625	29	19
4626	28	19
4627	28	19
4628	29	19
4629	28	19
4630	28	19
4631	28	19
4632	28	19
4633	27	19
4634	27	19
4635	28	19
4636	28	19
4637	29	19
4638	28	19
4639	28	19
4640	28	19
4641	29	19
4642	29	19
4643	29	19
4644	29	19
4645	29	19
4646	29	19
4647	29	19
4648	29	18
4649	29	18
4650	29	18
4651	29	18
4652	30	18
4653	30	18
4654	30	19
4655	30	19
4656	30	19
4657	30	19
4658	30	19
4659	30	19
4660	30	19
4661	30	19
4662	30	18
4663	30	18
4664	30	18
4665	30	18
4666	30	18
4667	30	19
4668	30	19
4669	29	19
4670	29	19
4671	29	19
4672	29	19
4673	29	19
4674	29	19
4675	28	19
4676	28	19
4677	29	19
4678	29	20
4679	29	20
4680	29	20
4681	29	20
4682	29	20
4683	28	20
4684	28	20
4685	28	20
4686	28	20
4687	28	20
4688	28	20
4689	28	20
4690	28	21
4691	28	21
4692	28	21
4693	28	21
4694	27	21
4695	27	22
4696	27	22
4697	27	23
4698	27	23
4699	27	23
4700	27	23
4701	27	23
4702	27	23
4703	27	23
4704	27	23
4705	27	23
4706	27	23
4707	27	23
4708	26	23
4709	26	23
4710	26	23
4711	26	23
4712	27	23
4713	27	23
4714	27	23
4715	27	23
4716	27	24
4717	26	24
4718	26	24
4719	26	24
4720	26	24
4721	26	24
4722	26	24
4723	26	24
4724	26	24
4725	26	24
4726	27	24
4727	27	24
4728	27	24
4729	27	23
4730	27	23
4731	27	23
4732	26	23
4733	27	23
4734	27	23
4735	27	23
4736	26	23
4737	26	23
4738	26	23
4739	27	23
4740	26	23
4741	26	23
4742	25	23
4743	25	23
4744	25	23
4745	25	23
4746	25	23
