FRAME NR	BASIC FOOD	ALTERNATE FOOD
0	59	0
1	59	0
2	59	0
3	59	0
4	59	0
5	59	0
6	59	0
7	59	0
8	59	0
9	60	0
10	60	0
11	59	0
12	59	0
13	60	0
14	60	0
15	59	0
16	59	0
17	57	0
18	57	0
19	57	0
20	57	0
21	58	0
22	58	0
23	59	0
24	59	0
25	59	0
26	58	0
27	58	0
28	58	0
29	59	0
30	60	0
31	60	0
32	61	0
33	61	0
34	61	0
35	61	0
36	61	0
37	62	0
38	62	0
39	62	0
40	62	0
41	62	0
42	61	0
43	61	0
44	61	0
45	61	0
46	60	0
47	61	0
48	61	0
49	61	0
50	61	0
51	61	0
52	61	0
53	61	0
54	62	0
55	61	0
56	61	0
57	60	0
58	60	0
59	60	0
60	60	0
61	60	0
62	61	0
63	61	0
64	62	0
65	62	0
66	62	0
67	62	0
68	62	0
69	62	0
70	62	0
71	63	0
72	63	0
73	62	0
74	63	0
75	64	0
76	64	0
77	65	0
78	65	0
79	65	0
80	66	0
81	66	0
82	66	0
83	66	0
84	66	0
85	66	0
86	65	0
87	65	0
88	65	0
89	65	0
90	65	0
91	65	0
92	65	0
93	65	0
94	65	0
95	65	0
96	65	0
97	66	0
98	66	0
99	65	0
100	66	0
101	66	0
102	66	0
103	66	0
104	67	0
105	67	0
106	67	0
107	65	0
108	66	0
109	66	0
110	66	0
111	67	0
112	68	0
113	68	0
114	68	0
115	67	0
116	67	0
117	66	0
118	65	0
119	65	0
120	66	0
121	64	0
122	64	0
123	64	0
124	64	0
125	64	0
126	63	0
127	63	0
128	63	0
129	63	0
130	62	0
131	63	0
132	63	0
133	63	0
134	63	0
135	64	0
136	64	0
137	64	0
138	63	0
139	63	0
140	64	0
141	64	0
142	64	0
143	65	0
144	64	0
145	65	0
146	65	0
147	65	0
148	65	0
149	65	0
150	65	0
151	64	0
152	65	0
153	65	0
154	64	0
155	64	0
156	64	0
157	65	0
158	65	0
159	65	0
160	66	0
161	65	0
162	65	0
163	65	0
164	65	0
165	65	0
166	64	0
167	64	0
168	64	0
169	63	0
170	63	0
171	63	0
172	63	0
173	63	0
174	64	0
175	65	0
176	65	0
177	65	0
178	65	0
179	64	0
180	63	0
181	63	0
182	63	0
183	63	0
184	62	0
185	63	0
186	63	0
187	63	0
188	63	0
189	64	0
190	63	0
191	63	0
192	63	0
193	62	0
194	62	0
195	61	0
196	61	0
197	61	0
198	61	0
199	60	0
200	60	0
201	59	0
202	59	0
203	59	0
204	59	0
205	59	0
206	59	0
207	59	0
208	58	0
209	58	0
210	58	0
211	57	0
212	58	0
213	59	0
214	59	0
215	60	0
216	60	0
217	60	0
218	61	0
219	62	0
220	63	0
221	60	0
222	60	0
223	59	0
224	59	0
225	58	0
226	58	0
227	57	0
228	57	0
229	57	0
230	57	0
231	57	0
232	57	0
233	57	0
234	56	0
235	57	0
236	57	0
237	57	0
238	57	0
239	56	0
240	56	0
241	55	0
242	55	0
243	55	0
244	55	0
245	54	0
246	53	0
247	53	0
248	53	0
249	52	0
250	52	0
251	52	0
252	52	0
253	52	0
254	50	0
255	50	0
256	49	0
257	49	0
258	48	0
259	48	0
260	49	0
261	48	0
262	48	0
263	47	0
264	47	0
265	47	0
266	48	0
267	45	0
268	45	0
269	45	0
270	46	0
271	46	0
272	46	0
273	46	0
274	45	0
275	45	0
276	45	0
277	45	0
278	46	0
279	46	0
280	46	0
281	46	0
282	46	0
283	46	0
284	44	0
285	44	0
286	43	0
287	43	0
288	42	0
289	40	0
290	41	0
291	41	0
292	41	0
293	41	0
294	42	0
295	42	0
296	41	0
297	40	0
298	39	0
299	38	0
300	37	0
301	36	0
302	36	0
303	37	0
304	37	0
305	37	0
306	36	0
307	36	0
308	36	0
309	36	0
310	36	0
311	36	0
312	37	0
313	37	0
314	36	0
315	37	0
316	37	0
317	37	0
318	37	0
319	38	0
320	38	0
321	38	0
322	37	0
323	36	0
324	36	0
325	36	0
326	36	0
327	36	0
328	36	0
329	36	0
330	36	0
331	34	0
332	34	0
333	34	0
334	34	0
335	34	0
336	34	0
337	34	0
338	34	0
339	33	0
340	33	0
341	33	0
342	33	0
343	33	0
344	34	0
345	34	0
346	34	0
347	34	0
348	34	0
349	34	0
350	34	0
351	35	0
352	35	0
353	35	0
354	35	0
355	35	0
356	35	0
357	34	0
358	34	0
359	35	0
360	35	0
361	35	0
362	35	0
363	35	0
364	35	0
365	34	0
366	34	0
367	34	0
368	34	0
369	34	0
370	35	0
371	35	0
372	34	0
373	34	0
374	34	0
375	33	0
376	33	0
377	32	0
378	32	0
379	31	0
380	32	0
381	32	0
382	32	0
383	32	0
384	32	0
385	30	0
386	30	0
387	30	0
388	30	0
389	30	0
390	30	0
391	30	0
392	31	0
393	31	0
394	31	0
395	31	0
396	32	0
397	32	0
398	33	0
399	33	0
400	33	0
401	34	0
402	33	0
403	33	0
404	33	0
405	34	0
406	33	0
407	33	0
408	34	0
409	34	0
410	32	0
411	30	0
412	30	0
413	30	0
414	30	0
415	28	0
416	29	0
417	29	0
418	28	0
419	28	0
420	28	0
421	27	0
422	27	0
423	27	0
424	28	0
425	28	0
426	28	0
427	28	0
428	28	0
429	28	0
430	28	0
431	28	0
432	28	0
433	28	0
434	28	0
435	28	0
436	28	0
437	28	0
438	28	0
439	27	0
440	27	0
441	27	0
442	27	0
443	27	0
444	27	0
445	28	0
446	29	0
447	28	0
448	28	0
449	28	0
450	28	0
451	29	0
452	29	0
453	29	0
454	29	0
455	28	0
456	28	0
457	27	0
458	26	0
459	26	0
460	26	0
461	25	0
462	25	0
463	25	0
464	26	0
465	26	0
466	25	0
467	25	0
468	25	0
469	25	0
470	25	0
471	25	0
472	25	0
473	25	0
474	25	0
475	26	0
476	26	0
477	26	0
478	25	0
479	24	0
480	24	0
481	24	0
482	24	0
483	24	0
484	24	0
485	24	0
486	23	0
487	24	0
488	24	0
489	25	0
490	25	0
491	25	0
492	25	0
493	25	0
494	26	0
495	27	0
496	27	0
497	27	0
498	27	0
499	27	0
500	26	0
501	26	0
502	25	0
503	26	0
504	26	0
505	26	0
506	26	0
507	26	0
508	26	0
509	27	0
510	27	0
511	26	0
512	25	0
513	25	0
514	25	0
515	24	0
516	24	0
517	24	0
518	24	0
519	24	0
520	24	0
521	24	0
522	23	0
523	23	0
524	23	0
525	22	0
526	22	0
527	22	0
528	22	0
529	22	0
530	22	0
531	23	0
532	23	0
533	23	0
534	23	0
535	23	0
536	23	0
537	22	0
538	21	0
539	22	0
540	22	0
541	23	0
542	23	0
543	22	0
544	22	0
545	22	0
546	23	0
547	24	0
548	24	0
549	24	0
550	25	0
551	25	0
552	25	0
553	25	0
554	25	0
555	25	0
556	26	0
557	26	0
558	25	0
559	25	0
560	24	0
561	24	0
562	24	0
563	24	0
564	24	0
565	25	0
566	25	0
567	25	0
568	26	0
569	27	0
570	27	0
571	27	0
572	27	0
573	27	0
574	27	0
575	28	0
576	28	0
577	29	0
578	29	0
579	29	0
580	29	0
581	29	0
582	29	0
583	30	0
584	30	0
585	30	0
586	30	0
587	30	0
588	29	0
589	29	0
590	29	0
591	28	0
592	28	0
593	28	0
594	28	0
595	28	0
596	28	0
597	28	0
598	28	0
599	27	0
600	26	0
601	25	0
602	24	0
603	23	0
604	22	0
605	21	0
606	21	0
607	20	0
608	20	0
609	20	0
610	20	0
611	21	0
612	21	0
613	22	0
614	22	0
615	22	0
616	21	0
617	21	0
618	21	0
619	19	0
620	20	0
621	20	0
622	20	0
623	20	0
624	20	0
625	20	0
626	19	0
627	19	0
628	19	0
629	19	0
630	20	0
631	20	0
632	20	0
633	20	0
634	20	0
635	20	0
636	20	0
637	20	0
638	20	0
639	19	0
640	19	0
641	20	0
642	20	0
643	20	0
644	21	0
645	21	0
646	21	0
647	21	0
648	21	0
649	21	0
650	21	0
651	21	0
652	21	0
653	21	0
654	20	0
655	20	0
656	18	0
657	18	0
658	19	0
659	19	0
660	19	0
661	19	0
662	19	0
663	19	0
664	18	0
665	18	0
666	18	0
667	18	0
668	18	0
669	17	0
670	17	0
671	16	0
672	16	0
673	16	0
674	15	0
675	15	0
676	15	0
677	15	0
678	15	0
679	16	0
680	16	0
681	16	0
682	15	0
683	15	0
684	14	0
685	15	0
686	14	0
687	14	0
688	13	0
689	12	0
690	13	0
691	13	0
692	13	0
693	12	0
694	11	0
695	10	0
696	10	0
697	11	0
698	11	0
699	11	0
700	11	0
701	10	0
702	10	0
703	11	0
704	11	0
705	12	0
706	12	0
707	12	0
708	12	0
709	13	0
710	13	0
711	13	0
712	13	0
713	13	0
714	13	0
715	14	0
716	14	0
717	14	0
718	14	0
719	14	0
720	14	0
721	14	0
722	14	0
723	14	0
724	14	0
725	14	0
726	14	0
727	14	0
728	14	0
729	14	0
730	13	0
731	14	0
732	14	0
733	14	0
734	14	0
735	14	0
736	15	0
737	15	0
738	15	0
739	15	0
740	13	0
741	13	0
742	13	0
743	13	0
744	13	0
745	14	0
746	15	0
747	13	0
748	13	0
749	13	0
750	13	0
751	11	0
752	12	0
753	11	0
754	11	0
755	11	0
756	11	0
757	11	0
758	11	0
759	11	0
760	11	0
761	11	0
762	11	0
763	10	0
764	10	0
765	9	0
766	9	0
767	8	0
768	8	0
769	8	0
770	8	0
771	8	0
772	8	0
773	8	0
774	8	0
775	8	0
776	8	0
777	8	0
778	8	0
779	9	0
780	10	0
781	9	0
782	9	0
783	10	0
784	10	0
785	10	0
786	9	0
787	8	0
788	8	0
789	8	0
790	8	0
791	8	0
792	8	0
793	7	0
794	7	0
795	7	0
796	7	0
797	7	0
798	7	0
799	8	0
800	9	0
801	9	0
802	9	0
803	10	0
804	10	0
805	10	0
806	10	0
807	10	0
808	11	0
809	10	0
810	10	0
811	10	0
812	11	0
813	11	0
814	11	0
815	11	0
816	11	0
817	11	0
818	10	0
819	11	0
820	11	0
821	11	0
822	10	0
823	10	0
824	11	0
825	11	0
826	11	0
827	11	0
828	12	0
829	12	0
830	12	0
831	12	0
832	13	0
833	13	0
834	13	0
835	14	0
836	14	0
837	14	0
838	15	0
839	15	0
840	15	0
841	15	0
842	15	0
843	15	0
844	15	0
845	16	0
846	15	0
847	15	0
848	15	0
849	14	0
850	14	0
851	14	0
852	15	0
853	15	0
854	15	0
855	14	0
856	14	0
857	15	0
858	15	0
859	15	0
860	15	0
861	15	0
862	15	0
863	15	0
864	15	0
865	15	0
866	15	0
867	15	0
868	15	0
869	14	0
870	13	0
871	13	0
872	13	0
873	12	0
874	12	0
875	12	0
876	12	0
877	11	0
878	12	0
879	13	0
880	13	0
881	12	0
882	12	0
883	10	0
884	10	0
885	10	0
886	10	0
887	10	0
888	10	0
889	10	0
890	10	0
891	10	0
892	10	0
893	9	0
894	8	0
895	7	0
896	6	0
897	7	0
898	7	0
899	7	0
900	7	0
901	7	0
902	7	0
903	7	0
904	8	0
905	8	0
906	8	0
907	8	0
908	8	0
909	9	0
910	9	0
911	9	0
912	9	0
913	8	0
914	8	0
915	8	0
916	8	0
917	8	0
918	8	0
919	9	0
920	9	0
921	9	0
922	9	0
923	10	0
924	9	0
925	9	0
926	9	0
927	9	0
928	9	0
929	9	0
930	9	0
931	9	0
932	10	0
933	10	0
934	10	0
935	10	0
936	9	0
937	9	0
938	9	0
939	8	0
940	8	0
941	8	0
942	8	0
943	8	0
944	8	0
945	8	0
946	7	0
947	7	0
948	8	0
949	9	0
950	9	0
951	9	0
952	9	0
953	9	0
954	9	0
955	9	0
956	9	0
957	9	0
958	9	0
959	9	0
960	9	0
961	9	0
962	9	0
963	9	0
964	9	0
965	9	0
966	9	0
967	9	0
968	9	0
969	9	0
970	9	0
971	9	0
972	9	0
973	10	0
974	10	0
975	10	0
976	10	0
977	10	0
978	10	0
979	10	0
980	10	0
981	10	0
982	10	0
983	10	0
984	10	0
985	10	0
986	9	0
987	9	0
988	9	0
989	8	0
990	9	0
991	9	0
992	9	0
993	9	0
994	9	0
995	9	0
996	9	0
997	9	0
998	10	0
999	10	0
1000	10	0
1001	9	0
1002	9	0
1003	9	0
1004	10	0
1005	10	0
1006	10	0
1007	10	0
1008	10	0
1009	10	0
1010	10	0
1011	10	0
1012	9	0
1013	9	0
1014	9	0
1015	9	0
1016	8	0
1017	7	0
1018	7	0
1019	7	0
1020	7	0
1021	7	0
1022	7	0
1023	7	0
1024	7	0
1025	8	0
1026	9	0
1027	9	0
1028	8	0
1029	9	0
1030	9	0
1031	9	0
1032	10	0
1033	10	0
1034	10	0
1035	10	0
1036	10	0
1037	11	0
1038	11	0
1039	11	0
1040	11	0
1041	12	0
1042	12	0
1043	12	0
1044	12	0
1045	12	0
1046	12	0
1047	11	0
1048	11	0
1049	11	0
1050	11	0
1051	11	0
1052	11	0
1053	12	0
1054	11	0
1055	11	0
1056	11	0
1057	12	0
1058	12	0
1059	12	0
1060	12	0
1061	12	0
1062	12	0
1063	12	0
1064	13	0
1065	13	0
1066	12	0
1067	12	0
1068	11	0
1069	11	0
1070	11	0
1071	11	0
1072	11	0
1073	11	0
1074	12	0
1075	12	0
1076	13	0
1077	12	0
1078	12	0
1079	12	0
1080	12	0
1081	12	0
1082	12	0
1083	12	0
1084	11	0
1085	12	0
1086	11	0
1087	11	0
1088	12	0
1089	12	0
1090	11	0
1091	11	0
1092	11	0
1093	10	0
1094	11	0
1095	10	0
1096	11	0
1097	12	0
1098	12	0
1099	12	0
1100	12	0
1101	12	0
1102	12	0
1103	13	0
1104	13	0
1105	13	0
1106	13	0
1107	12	0
1108	13	0
1109	14	0
1110	15	0
1111	15	0
1112	15	0
1113	15	0
1114	15	0
1115	15	0
1116	15	0
1117	16	0
1118	16	0
1119	16	0
1120	16	0
1121	16	0
1122	16	0
1123	17	0
1124	17	0
1125	16	0
1126	16	0
1127	16	0
1128	14	0
1129	14	0
1130	15	0
1131	15	0
1132	16	0
1133	13	0
1134	13	0
1135	13	0
1136	13	0
1137	13	0
1138	12	0
1139	12	0
1140	12	0
1141	12	0
1142	12	0
1143	12	0
1144	11	0
1145	11	0
1146	11	0
1147	11	0
1148	10	0
1149	10	0
1150	10	0
1151	10	0
1152	10	0
1153	10	0
1154	10	0
1155	10	0
1156	11	0
1157	12	0
1158	12	0
1159	13	0
1160	13	0
1161	14	0
1162	14	0
1163	14	0
1164	15	0
1165	14	0
1166	14	0
1167	14	0
1168	13	0
1169	13	0
1170	13	0
1171	13	0
1172	13	0
1173	14	0
1174	14	0
1175	15	0
1176	15	0
1177	15	0
1178	14	0
1179	14	0
1180	13	0
1181	14	0
1182	13	0
1183	14	0
1184	14	0
1185	14	0
1186	14	0
1187	14	0
1188	14	0
1189	14	0
1190	15	0
1191	15	0
1192	15	0
1193	14	0
1194	14	0
1195	14	0
1196	15	0
1197	15	0
1198	15	0
1199	15	0
1200	15	0
1201	15	0
1202	15	0
1203	16	0
1204	15	0
1205	14	0
1206	13	0
1207	13	0
1208	13	0
1209	14	0
1210	14	0
1211	14	0
1212	15	0
1213	15	0
1214	15	0
1215	13	0
1216	13	0
1217	13	0
1218	13	0
1219	13	0
1220	13	0
1221	13	0
1222	13	0
1223	14	0
1224	14	0
1225	12	0
1226	11	0
1227	11	0
1228	11	0
1229	10	0
1230	10	0
1231	10	0
1232	10	0
1233	10	0
1234	10	0
1235	9	0
1236	10	0
1237	10	0
1238	10	0
1239	9	0
1240	9	0
1241	10	0
1242	11	0
1243	10	0
1244	10	0
1245	10	0
1246	10	0
1247	11	0
1248	10	0
1249	10	0
1250	10	0
1251	10	0
1252	9	0
1253	10	0
1254	9	0
1255	9	0
1256	9	0
1257	9	0
1258	9	0
1259	9	0
1260	10	0
1261	10	0
1262	10	0
1263	10	0
1264	10	0
1265	10	0
1266	10	0
1267	10	0
1268	11	0
1269	11	0
1270	11	0
1271	11	0
1272	11	0
1273	11	0
1274	12	0
1275	12	0
1276	12	0
1277	12	0
1278	12	0
1279	11	0
1280	11	0
1281	11	0
1282	11	0
1283	12	0
1284	11	0
1285	11	0
1286	11	0
1287	11	0
1288	11	0
1289	10	0
1290	10	0
1291	11	0
1292	11	0
1293	10	0
1294	9	0
1295	8	0
1296	8	0
1297	8	0
1298	8	0
1299	8	0
1300	8	0
1301	8	0
1302	8	0
1303	8	0
1304	8	0
1305	8	0
1306	8	0
1307	8	0
1308	8	0
1309	9	0
1310	9	0
1311	9	0
1312	9	0
1313	9	0
1314	10	0
1315	10	0
1316	10	0
1317	10	0
1318	10	0
1319	9	0
1320	8	0
1321	8	0
1322	8	0
1323	9	0
1324	9	0
1325	9	0
1326	10	0
1327	10	0
1328	10	0
1329	10	0
1330	10	0
1331	8	0
1332	8	0
1333	8	0
1334	8	0
1335	8	0
1336	8	0
1337	8	0
1338	8	0
1339	8	0
1340	8	0
1341	8	0
1342	8	0
1343	9	0
1344	9	0
1345	9	0
1346	9	0
1347	9	0
1348	9	0
1349	9	0
1350	8	0
1351	7	0
1352	7	0
1353	8	0
1354	8	0
1355	8	0
1356	8	0
1357	8	0
1358	9	0
1359	9	0
1360	9	0
1361	9	0
1362	9	0
1363	9	0
1364	8	0
1365	8	0
1366	7	0
1367	7	0
1368	7	0
1369	6	0
1370	6	0
1371	5	0
1372	5	0
1373	5	0
1374	5	0
1375	5	0
1376	6	0
1377	6	0
1378	7	0
1379	7	0
1380	7	0
1381	7	0
1382	7	0
1383	7	0
1384	7	0
1385	7	0
1386	6	0
1387	6	0
1388	5	0
1389	5	0
1390	5	0
1391	6	0
1392	6	0
1393	6	0
1394	6	0
1395	6	0
1396	7	0
1397	7	0
1398	8	0
1399	7	0
1400	7	0
1401	8	0
1402	8	0
1403	9	0
1404	10	0
1405	9	0
1406	9	0
1407	9	0
1408	8	0
1409	8	0
1410	8	0
1411	7	0
1412	8	0
1413	8	0
1414	8	0
1415	8	0
1416	7	0
1417	7	0
1418	7	0
1419	7	0
1420	7	0
1421	7	0
1422	7	0
1423	7	0
1424	7	0
1425	7	0
1426	7	0
1427	8	0
1428	7	0
1429	7	0
1430	6	0
1431	6	0
1432	6	0
1433	7	0
1434	7	0
1435	7	0
1436	8	0
1437	8	0
1438	8	0
1439	8	0
1440	7	0
1441	7	0
1442	8	0
1443	8	0
1444	8	0
1445	7	0
1446	7	0
1447	7	0
1448	7	0
1449	8	0
1450	8	0
1451	8	0
1452	9	0
1453	9	0
1454	9	0
1455	9	0
1456	7	0
1457	7	0
1458	7	0
1459	7	0
1460	7	0
1461	7	0
1462	7	0
1463	7	0
1464	7	0
1465	7	0
1466	8	0
1467	8	0
1468	8	0
1469	8	0
1470	8	0
1471	8	0
1472	8	0
1473	9	0
1474	8	0
1475	8	0
1476	8	0
1477	8	0
1478	8	0
1479	8	0
1480	8	0
1481	8	0
1482	8	0
1483	9	0
1484	9	0
1485	8	0
1486	8	0
1487	8	0
1488	8	0
1489	9	0
1490	9	0
1491	9	0
1492	10	0
1493	10	0
1494	10	0
1495	10	0
1496	9	0
1497	9	0
1498	9	0
1499	9	0
1500	9	0
1501	9	0
1502	10	0
1503	9	0
1504	8	0
1505	8	0
1506	9	0
1507	9	0
1508	9	0
1509	9	0
1510	8	0
1511	9	0
1512	9	0
1513	10	0
1514	10	0
1515	9	0
1516	9	0
1517	9	0
1518	9	0
1519	9	0
1520	10	0
1521	10	0
1522	10	0
1523	11	0
1524	10	0
1525	11	0
1526	11	0
1527	12	0
1528	12	0
1529	11	0
1530	11	0
1531	11	0
1532	11	0
1533	11	0
1534	12	0
1535	11	0
1536	10	0
1537	10	0
1538	10	0
1539	10	0
1540	10	0
1541	10	0
1542	10	0
1543	10	0
1544	11	0
1545	11	0
1546	11	0
1547	10	0
1548	11	0
1549	11	0
1550	11	0
1551	11	0
1552	11	0
1553	11	0
1554	11	0
1555	11	0
1556	11	0
1557	11	0
1558	11	0
1559	12	0
1560	12	0
1561	12	0
1562	11	0
1563	12	0
1564	13	0
1565	14	0
1566	14	0
1567	14	0
1568	15	0
1569	15	0
1570	15	0
1571	15	0
1572	15	0
1573	15	0
1574	14	0
1575	14	0
1576	15	0
1577	15	0
1578	15	0
1579	15	0
1580	15	0
1581	15	0
1582	14	0
1583	14	0
1584	14	0
1585	14	0
1586	14	0
1587	14	0
1588	14	0
1589	14	0
1590	14	0
1591	13	0
1592	13	0
1593	14	0
1594	15	0
1595	16	0
1596	16	0
1597	15	0
1598	15	0
1599	15	0
1600	16	0
1601	16	0
1602	17	0
1603	17	0
1604	17	0
1605	17	0
1606	17	0
1607	17	0
1608	16	0
1609	16	0
1610	16	0
1611	17	0
1612	17	0
1613	16	0
1614	16	0
1615	15	0
1616	15	0
1617	14	0
1618	13	0
1619	12	0
1620	12	0
1621	12	0
1622	12	0
1623	12	0
1624	12	0
1625	12	0
1626	12	0
1627	12	0
1628	12	0
1629	11	0
1630	11	0
1631	11	0
1632	11	0
1633	11	0
1634	11	0
1635	11	0
1636	11	0
1637	10	0
1638	10	0
1639	11	0
1640	11	0
1641	11	0
1642	11	0
1643	10	0
1644	10	0
1645	11	0
1646	12	0
1647	12	0
1648	12	0
1649	12	0
1650	12	0
1651	13	0
1652	14	0
1653	13	0
1654	14	0
1655	14	0
1656	15	0
1657	15	0
1658	15	0
1659	14	0
1660	14	0
1661	15	0
1662	14	0
1663	14	0
1664	14	0
1665	14	0
1666	15	0
1667	15	0
1668	16	0
1669	15	0
1670	15	0
1671	15	0
1672	15	0
1673	15	0
1674	14	0
1675	14	0
1676	14	0
1677	13	0
1678	14	0
1679	14	0
1680	14	0
1681	14	0
1682	14	0
1683	14	0
1684	14	0
1685	14	0
1686	13	0
1687	13	0
1688	13	0
1689	13	0
1690	14	0
1691	14	0
1692	14	0
1693	13	0
1694	13	0
1695	13	0
1696	13	0
1697	13	0
1698	12	0
1699	11	0
1700	12	0
1701	12	0
1702	13	0
1703	13	0
1704	13	0
1705	13	0
1706	14	0
1707	12	0
1708	12	0
1709	12	0
1710	12	0
1711	12	0
1712	12	0
1713	12	0
1714	12	0
1715	12	0
1716	12	0
1717	11	0
1718	12	0
1719	12	0
1720	13	0
1721	11	0
1722	11	0
1723	12	0
1724	12	0
1725	13	0
1726	13	0
1727	13	0
1728	14	0
1729	13	0
1730	13	0
1731	14	0
1732	14	0
1733	14	0
1734	14	0
1735	14	0
1736	15	0
1737	15	0
1738	15	0
1739	15	0
1740	15	0
1741	15	0
1742	15	0
1743	15	0
1744	15	0
1745	14	0
1746	14	0
1747	15	0
1748	15	0
1749	15	0
1750	15	0
1751	14	0
1752	13	0
1753	13	0
1754	14	0
1755	14	0
1756	14	0
1757	14	0
1758	14	0
1759	14	0
1760	15	0
1761	14	0
1762	14	0
1763	14	0
1764	14	0
1765	15	0
1766	15	0
1767	16	0
1768	15	0
1769	15	0
1770	15	0
1771	15	0
1772	14	0
1773	14	0
1774	13	0
1775	12	0
1776	12	0
1777	12	0
1778	12	0
1779	12	0
1780	12	0
1781	13	0
1782	13	0
1783	13	0
1784	12	0
1785	13	0
1786	14	0
1787	14	0
1788	15	0
1789	15	0
1790	15	0
1791	15	0
1792	15	0
1793	15	0
1794	15	0
1795	15	0
1796	15	0
1797	15	0
1798	15	0
1799	15	0
1800	15	0
1801	15	0
1802	15	0
1803	16	0
1804	16	0
1805	15	0
1806	14	0
1807	14	0
1808	13	0
1809	13	0
1810	12	0
1811	12	0
1812	11	0
1813	12	0
1814	13	0
1815	13	0
1816	11	0
1817	11	0
1818	12	0
1819	12	0
1820	12	0
1821	12	0
1822	13	0
1823	14	0
1824	14	0
1825	13	0
1826	13	0
1827	14	0
1828	13	0
1829	12	0
1830	12	0
1831	13	0
1832	14	0
1833	14	0
1834	14	0
1835	13	0
1836	13	0
1837	12	0
1838	12	0
1839	13	0
1840	13	0
1841	13	0
1842	13	0
1843	13	0
1844	14	0
1845	13	0
1846	13	0
1847	13	0
1848	13	0
1849	14	0
1850	14	0
1851	14	0
1852	13	0
1853	12	0
1854	12	0
1855	12	0
1856	12	0
1857	12	0
1858	12	0
1859	12	0
1860	12	0
1861	12	0
1862	12	0
1863	12	0
1864	13	0
1865	14	0
1866	13	0
1867	12	0
1868	12	0
1869	12	0
1870	13	0
1871	13	0
1872	13	0
1873	13	0
1874	13	0
1875	14	0
1876	14	0
1877	15	0
1878	15	0
1879	15	0
1880	16	0
1881	15	0
1882	16	0
1883	16	0
1884	16	0
1885	16	0
1886	16	0
1887	16	0
1888	15	0
1889	15	0
1890	15	0
1891	15	0
1892	15	0
1893	15	0
1894	15	0
1895	15	0
1896	15	0
1897	15	0
1898	15	0
1899	15	0
1900	16	0
1901	16	0
1902	16	0
1903	16	0
1904	15	0
1905	15	0
1906	15	0
1907	15	0
1908	15	0
1909	14	0
1910	13	0
1911	13	0
1912	13	0
1913	13	0
1914	14	0
1915	14	0
1916	14	0
1917	14	0
1918	15	0
1919	16	0
1920	16	0
1921	16	0
1922	16	0
1923	16	0
1924	16	0
1925	16	0
1926	16	0
1927	16	0
1928	16	0
1929	15	0
1930	15	0
1931	16	0
1932	15	0
1933	15	0
1934	16	0
1935	16	0
1936	16	0
1937	15	0
1938	14	0
1939	14	0
1940	14	0
1941	14	0
1942	15	0
1943	15	0
1944	16	0
1945	17	0
1946	18	0
1947	18	0
1948	19	0
1949	20	0
1950	21	0
1951	21	0
1952	21	0
1953	19	0
1954	19	0
1955	18	0
1956	19	0
1957	18	0
1958	17	0
1959	16	0
1960	16	0
1961	16	0
1962	16	0
1963	16	0
1964	16	0
1965	15	0
1966	15	0
1967	16	0
1968	16	0
1969	15	0
1970	16	0
1971	16	0
1972	16	0
1973	16	0
1974	16	0
1975	16	0
1976	16	0
1977	16	0
1978	16	0
1979	17	0
1980	18	0
1981	18	0
1982	17	0
1983	17	0
1984	17	0
1985	17	0
1986	17	0
1987	16	0
1988	15	0
1989	15	0
1990	16	0
1991	15	0
1992	16	0
1993	17	0
1994	17	0
1995	16	0
1996	16	0
1997	16	0
1998	16	0
1999	15	0
2000	15	0
2001	15	0
2002	15	0
2003	15	0
2004	16	0
2005	16	0
2006	15	0
2007	15	0
2008	14	0
2009	14	0
2010	12	0
2011	12	0
2012	12	0
2013	12	0
2014	12	0
2015	12	0
2016	13	0
2017	13	0
2018	12	0
2019	12	0
2020	12	0
2021	12	0
2022	12	0
2023	12	0
2024	13	0
2025	13	0
2026	12	0
2027	12	0
2028	12	0
2029	12	0
2030	12	0
2031	12	0
2032	12	0
2033	13	0
2034	13	0
2035	13	0
2036	12	0
2037	12	0
2038	12	0
2039	12	0
2040	12	0
2041	12	0
2042	13	0
2043	12	0
2044	12	0
2045	12	0
2046	11	0
2047	11	0
2048	11	0
2049	11	0
2050	11	0
2051	10	0
2052	9	0
2053	10	0
2054	11	0
2055	11	0
2056	10	0
2057	10	0
2058	11	0
2059	11	0
2060	11	0
2061	11	0
2062	11	0
2063	11	0
2064	11	0
2065	10	0
2066	9	0
2067	9	0
2068	10	0
2069	11	0
2070	11	0
2071	11	0
2072	11	0
2073	11	0
2074	10	0
2075	10	0
2076	10	0
2077	10	0
2078	10	0
2079	9	0
2080	9	0
2081	10	0
2082	10	0
2083	10	0
2084	10	0
2085	10	0
2086	10	0
2087	11	0
2088	11	0
2089	11	0
2090	11	0
2091	11	0
2092	11	0
2093	11	0
2094	11	0
2095	10	0
2096	10	0
2097	11	0
2098	11	0
2099	11	0
2100	11	0
2101	11	0
2102	11	0
2103	12	0
2104	12	0
2105	12	0
2106	12	0
2107	12	0
2108	12	0
2109	11	0
2110	12	0
2111	13	0
2112	13	0
2113	13	0
2114	13	0
2115	12	0
2116	11	0
2117	11	0
2118	10	0
2119	10	0
2120	10	0
2121	11	0
2122	11	0
2123	11	0
2124	10	0
2125	10	0
2126	10	0
2127	10	0
2128	10	0
2129	11	0
2130	11	0
2131	12	0
2132	12	0
2133	12	0
2134	12	0
2135	13	0
2136	13	0
2137	13	0
2138	13	0
2139	13	0
2140	13	0
2141	13	0
2142	14	0
2143	14	0
2144	15	0
2145	16	0
2146	16	0
2147	15	0
2148	15	0
2149	15	0
2150	15	0
2151	15	0
2152	15	0
2153	16	0
2154	17	0
2155	15	0
2156	15	0
2157	15	0
2158	14	0
2159	14	0
2160	12	0
2161	13	0
2162	14	0
2163	15	0
2164	15	0
2165	15	0
2166	15	0
2167	15	0
2168	15	0
2169	15	0
2170	15	0
2171	15	0
2172	15	0
2173	15	0
2174	15	0
2175	14	0
2176	13	0
2177	14	0
2178	15	0
2179	15	0
2180	15	0
2181	15	0
2182	16	0
2183	16	0
2184	16	0
2185	16	0
2186	16	0
2187	15	0
2188	15	0
2189	15	0
2190	14	0
2191	14	0
2192	15	0
2193	15	0
2194	14	0
2195	14	0
2196	15	0
2197	15	0
2198	15	0
2199	15	0
2200	15	0
2201	15	0
2202	15	0
2203	15	0
2204	15	0
2205	15	0
2206	15	0
2207	15	0
2208	15	0
2209	15	0
2210	15	0
2211	14	0
2212	14	0
2213	12	0
2214	13	0
2215	13	0
2216	13	0
2217	13	0
2218	13	0
2219	13	0
2220	13	0
2221	14	0
2222	15	0
2223	14	0
2224	15	0
2225	14	0
2226	14	0
2227	14	0
2228	14	0
2229	14	0
2230	14	0
2231	14	0
2232	14	0
2233	12	0
2234	11	0
2235	11	0
2236	11	0
2237	11	0
2238	11	0
2239	11	0
2240	10	0
2241	10	0
2242	11	0
2243	11	0
2244	11	0
2245	11	0
2246	11	0
2247	11	0
2248	11	0
2249	11	0
2250	10	0
2251	10	0
2252	9	0
2253	9	0
2254	10	0
2255	10	0
2256	9	0
2257	9	0
2258	9	0
2259	9	0
2260	9	0
2261	8	0
2262	8	0
2263	8	0
2264	7	0
2265	8	0
2266	8	0
2267	8	0
2268	8	0
2269	8	0
2270	7	0
2271	6	0
2272	6	0
2273	6	0
2274	6	0
2275	6	0
2276	6	0
2277	7	0
2278	6	0
2279	6	0
2280	6	0
2281	6	0
2282	6	0
2283	6	0
2284	6	0
2285	6	0
2286	6	0
2287	6	0
2288	7	0
2289	6	0
2290	7	0
2291	7	0
2292	8	0
2293	8	0
2294	8	0
2295	8	0
2296	9	0
2297	9	0
2298	8	0
2299	8	0
2300	8	0
2301	8	0
2302	8	0
2303	8	0
2304	9	0
2305	9	0
2306	8	0
2307	9	0
2308	9	0
2309	9	0
2310	9	0
2311	10	0
2312	10	0
2313	10	0
2314	10	0
2315	10	0
2316	10	0
2317	10	0
2318	9	0
2319	9	0
2320	10	0
2321	10	0
2322	10	0
2323	10	0
2324	10	0
2325	10	0
2326	10	0
2327	10	0
2328	11	0
2329	12	0
2330	11	0
2331	11	0
2332	12	0
2333	13	0
2334	13	0
2335	13	0
2336	13	0
2337	14	0
2338	14	0
2339	14	0
2340	14	0
2341	15	0
2342	15	0
2343	15	0
2344	14	0
2345	12	0
2346	12	0
2347	13	0
2348	13	0
2349	13	0
2350	13	0
2351	14	0
2352	14	0
2353	15	0
2354	15	0
2355	15	0
2356	15	0
2357	14	0
2358	14	0
2359	15	0
2360	15	0
2361	14	0
2362	14	0
2363	14	0
2364	14	0
2365	15	0
2366	15	0
2367	15	0
2368	16	0
2369	14	0
2370	14	0
2371	14	0
2372	14	0
2373	13	0
2374	13	0
2375	13	0
2376	13	0
2377	13	0
2378	13	0
2379	13	0
2380	13	0
2381	13	0
2382	13	0
2383	13	0
2384	14	0
2385	15	0
2386	15	0
2387	14	0
2388	14	0
2389	15	0
2390	15	0
2391	15	0
2392	16	0
2393	17	0
2394	17	0
2395	16	0
2396	16	0
2397	14	0
2398	14	0
2399	13	0
2400	12	0
2401	12	0
2402	12	0
2403	13	0
2404	13	0
2405	14	0
2406	14	0
2407	14	0
2408	14	0
2409	14	0
2410	14	0
2411	14	0
2412	14	0
2413	12	0
2414	13	0
2415	12	0
2416	12	0
2417	13	0
2418	13	0
2419	13	0
2420	13	0
2421	13	0
2422	13	0
2423	12	0
2424	11	0
2425	11	0
2426	12	0
2427	12	0
2428	12	0
2429	12	0
2430	12	0
2431	11	0
2432	11	0
2433	11	0
2434	10	0
2435	9	0
2436	9	0
2437	9	0
2438	9	0
2439	9	0
2440	10	0
2441	9	0
2442	9	0
2443	9	0
2444	9	0
2445	9	0
2446	10	0
2447	9	0
2448	9	0
2449	9	0
2450	9	0
2451	9	0
2452	8	0
2453	8	0
2454	9	0
2455	8	0
2456	9	0
2457	9	0
2458	9	0
2459	10	0
2460	11	0
2461	11	0
2462	12	0
2463	12	0
2464	12	0
2465	12	0
2466	11	0
2467	11	0
2468	11	0
2469	11	0
2470	12	0
2471	11	0
2472	12	0
2473	12	0
2474	12	0
2475	12	0
2476	12	0
2477	11	0
2478	12	0
2479	12	0
2480	12	0
2481	12	0
2482	12	0
2483	12	0
2484	11	0
2485	11	0
2486	11	0
2487	11	0
2488	11	0
2489	11	0
2490	10	0
2491	10	0
2492	10	0
2493	10	0
2494	10	0
2495	10	0
2496	11	0
2497	11	0
2498	11	0
2499	11	0
2500	11	0
2501	12	0
2502	12	0
2503	12	0
2504	12	0
2505	12	0
2506	12	0
2507	10	0
2508	10	0
2509	9	0
2510	9	0
2511	10	0
2512	9	0
2513	9	0
2514	9	0
2515	10	0
2516	10	0
2517	9	0
2518	9	0
2519	9	0
2520	9	0
2521	9	0
2522	9	0
2523	9	0
2524	10	0
2525	10	0
2526	10	0
2527	10	0
2528	11	0
2529	11	0
2530	10	0
2531	10	0
2532	10	0
2533	10	0
2534	10	0
2535	10	0
2536	10	0
2537	10	0
2538	11	0
2539	10	0
2540	10	0
2541	10	0
2542	10	0
2543	10	0
2544	10	0
2545	9	0
2546	9	0
2547	9	0
2548	9	0
2549	9	0
2550	9	0
2551	9	0
2552	10	0
2553	10	0
2554	10	0
2555	11	0
2556	10	0
2557	9	0
2558	9	0
2559	10	0
2560	10	0
2561	10	0
2562	10	0
2563	10	0
2564	10	0
2565	11	0
2566	11	0
2567	11	0
2568	11	0
2569	11	0
2570	12	0
2571	13	0
2572	14	0
2573	14	0
2574	14	0
2575	14	0
2576	14	0
2577	14	0
2578	14	0
2579	14	0
2580	14	0
2581	15	0
2582	14	0
2583	14	0
2584	14	0
2585	15	0
2586	16	0
2587	16	0
2588	15	0
2589	16	0
2590	16	0
2591	17	0
2592	16	0
2593	17	0
2594	17	0
2595	17	0
2596	17	0
2597	17	0
2598	17	0
2599	18	0
2600	16	0
2601	16	0
2602	15	0
2603	14	0
2604	13	0
2605	13	0
2606	13	0
2607	12	0
2608	11	0
2609	12	0
2610	11	0
2611	11	0
2612	11	0
2613	12	0
2614	12	0
2615	12	0
2616	13	0
2617	13	0
2618	13	0
2619	13	0
2620	13	0
2621	13	0
2622	14	0
2623	14	0
2624	14	0
2625	14	0
2626	15	0
2627	15	0
2628	16	0
2629	16	0
2630	16	0
2631	17	0
2632	17	0
2633	18	0
2634	18	0
2635	17	0
2636	16	0
2637	16	0
2638	16	0
2639	15	0
2640	14	0
2641	14	0
2642	15	0
2643	15	0
2644	14	0
2645	14	0
2646	15	0
2647	16	0
2648	16	0
2649	16	0
2650	16	0
2651	16	0
2652	17	0
2653	17	0
2654	17	0
2655	17	0
2656	17	0
2657	17	0
2658	17	0
2659	17	0
2660	16	0
2661	16	0
2662	16	0
2663	16	0
2664	17	0
2665	17	0
2666	17	0
2667	17	0
2668	15	0
2669	16	0
2670	16	0
2671	16	0
2672	17	0
2673	15	0
2674	15	0
2675	15	0
2676	15	0
2677	16	0
2678	17	0
2679	17	0
2680	17	0
2681	17	0
2682	17	0
2683	16	0
2684	17	0
2685	17	0
2686	16	0
2687	16	0
2688	17	0
2689	18	0
2690	18	0
2691	18	0
2692	18	0
2693	18	0
2694	17	0
2695	17	0
2696	17	0
2697	17	0
2698	18	0
2699	19	0
2700	19	0
2701	19	0
2702	19	0
2703	19	0
2704	19	0
2705	18	0
2706	18	0
2707	18	0
2708	17	0
2709	17	0
2710	17	0
2711	16	0
2712	16	0
2713	17	0
2714	17	0
2715	17	0
2716	17	0
2717	17	0
2718	17	0
2719	17	0
2720	17	0
2721	17	0
2722	17	0
2723	17	0
2724	18	0
2725	18	0
2726	19	0
2727	19	0
2728	18	0
2729	18	0
2730	18	0
2731	18	0
2732	18	0
2733	18	0
2734	19	0
2735	18	0
2736	18	0
2737	18	0
2738	18	0
2739	17	0
2740	17	0
2741	17	0
2742	18	0
2743	19	0
2744	18	0
2745	18	0
2746	18	0
2747	18	0
2748	18	0
2749	17	0
2750	17	0
2751	17	0
2752	17	0
2753	17	0
2754	15	0
2755	14	0
2756	14	0
2757	15	0
2758	16	0
2759	16	0
2760	16	0
2761	15	0
2762	15	0
2763	16	0
2764	16	0
2765	15	0
2766	15	0
2767	15	0
2768	16	0
2769	16	0
2770	16	0
2771	16	0
2772	16	0
2773	16	0
2774	15	0
2775	15	0
2776	15	0
2777	15	0
2778	15	0
2779	15	0
2780	15	0
2781	15	0
2782	16	0
2783	16	0
2784	14	0
2785	14	0
2786	14	0
2787	14	0
2788	14	0
2789	14	0
2790	14	0
2791	14	0
2792	15	0
2793	16	0
2794	17	0
2795	16	0
2796	15	0
2797	15	0
2798	14	0
2799	14	0
2800	14	0
2801	14	0
2802	14	0
2803	14	0
2804	14	0
2805	14	0
2806	14	0
2807	14	0
2808	14	0
2809	14	0
2810	14	0
2811	14	0
2812	14	0
2813	15	0
2814	15	0
2815	14	0
2816	14	0
2817	14	0
2818	14	0
2819	14	0
2820	14	0
2821	13	0
2822	14	0
2823	15	0
2824	16	0
2825	15	0
2826	15	0
2827	15	0
2828	15	0
2829	15	0
2830	16	0
2831	15	0
2832	16	0
2833	16	0
2834	15	0
2835	16	0
2836	16	0
2837	16	0
2838	17	0
2839	18	0
2840	19	0
2841	18	0
2842	18	0
2843	18	0
2844	18	0
2845	19	0
2846	19	0
2847	19	0
2848	19	0
2849	19	0
2850	19	0
2851	19	0
2852	18	0
2853	17	0
2854	17	0
2855	17	0
2856	17	0
2857	17	0
2858	18	0
2859	18	0
2860	18	0
2861	19	0
2862	19	0
2863	19	0
2864	19	0
2865	19	0
2866	19	0
2867	18	0
2868	18	0
2869	18	0
2870	18	0
2871	18	0
2872	18	0
2873	18	0
2874	18	0
2875	17	0
2876	18	0
2877	18	0
2878	19	0
2879	19	0
2880	19	0
2881	19	0
2882	19	0
2883	19	0
2884	19	0
2885	19	0
2886	19	0
2887	19	0
2888	18	0
2889	17	0
2890	17	0
2891	18	0
2892	18	0
2893	19	0
2894	18	0
2895	18	0
2896	18	0
2897	18	0
2898	18	0
2899	18	0
2900	18	0
2901	17	0
2902	18	0
2903	18	0
2904	18	0
2905	18	0
2906	18	0
2907	18	0
2908	18	0
2909	18	0
2910	19	0
2911	19	0
2912	19	0
2913	19	0
2914	19	0
2915	19	0
2916	19	0
2917	19	0
2918	19	0
2919	19	0
2920	19	0
2921	19	0
2922	20	0
2923	20	0
2924	20	0
2925	20	0
2926	20	0
2927	20	0
2928	20	0
2929	20	0
2930	21	0
2931	21	0
2932	21	0
2933	21	0
2934	21	0
2935	21	0
2936	21	0
2937	21	0
2938	21	0
2939	21	0
2940	21	0
2941	21	0
2942	21	0
2943	21	0
2944	21	0
2945	21	0
2946	20	0
2947	20	0
2948	20	0
2949	20	0
2950	20	0
2951	19	0
2952	19	0
2953	19	0
2954	18	0
2955	18	0
2956	19	0
2957	19	0
2958	20	0
2959	20	0
2960	20	0
2961	21	0
2962	21	0
2963	21	0
2964	20	0
2965	20	0
2966	19	0
2967	19	0
2968	19	0
2969	19	0
2970	19	0
2971	18	0
2972	18	0
2973	18	0
2974	18	0
2975	18	0
2976	18	0
2977	18	0
2978	18	0
2979	18	0
2980	18	0
2981	18	0
2982	18	0
2983	18	0
2984	18	0
2985	18	0
2986	17	0
2987	17	0
2988	17	0
2989	17	0
2990	17	0
2991	16	0
2992	16	0
2993	16	0
2994	16	0
2995	16	0
2996	16	0
2997	16	0
2998	16	0
2999	16	0
3000	16	0
3001	16	0
3002	16	0
3003	16	0
3004	16	0
3005	16	0
3006	16	0
3007	16	0
3008	16	0
3009	16	0
3010	16	0
3011	16	0
3012	17	0
3013	16	0
3014	16	0
3015	16	0
3016	16	0
3017	16	0
3018	16	0
3019	16	0
3020	17	0
3021	17	0
3022	17	0
3023	17	0
3024	18	0
3025	18	0
3026	18	0
3027	18	0
3028	18	0
3029	19	0
3030	19	0
3031	19	0
3032	19	0
3033	19	0
3034	19	0
3035	19	0
3036	19	0
3037	19	0
3038	20	0
3039	20	0
3040	20	0
3041	20	0
3042	21	0
3043	21	0
3044	21	0
3045	21	0
3046	22	0
3047	22	0
3048	22	0
3049	21	0
3050	22	0
3051	22	0
3052	22	0
3053	22	0
3054	22	0
3055	22	0
3056	22	0
3057	22	0
3058	21	0
3059	21	0
3060	21	0
3061	21	0
3062	21	0
3063	20	0
3064	21	0
3065	21	0
3066	21	0
3067	21	0
3068	21	0
3069	21	0
3070	21	0
3071	21	0
3072	21	0
3073	21	0
3074	22	0
3075	21	0
3076	21	0
3077	21	0
3078	21	0
3079	21	0
3080	21	0
3081	21	0
3082	21	0
3083	20	0
3084	20	0
3085	20	0
3086	20	0
3087	20	0
3088	20	0
3089	21	0
3090	20	0
3091	20	0
3092	20	0
3093	20	0
3094	21	0
3095	20	0
3096	17	0
3097	17	0
3098	16	0
3099	16	0
3100	16	0
3101	16	0
3102	15	0
3103	16	0
3104	15	0
3105	14	0
3106	14	0
3107	14	0
3108	14	0
3109	15	0
3110	14	0
3111	14	0
3112	14	0
3113	14	0
3114	14	0
3115	14	0
3116	14	0
3117	14	0
3118	14	0
3119	14	0
3120	14	0
3121	14	0
3122	15	0
3123	15	0
3124	15	0
3125	16	0
3126	16	0
3127	16	0
3128	16	0
3129	17	0
3130	17	0
3131	17	0
3132	17	0
3133	17	0
3134	18	0
3135	18	0
3136	17	0
3137	17	0
3138	17	0
3139	17	0
3140	17	0
3141	17	0
3142	17	0
3143	17	0
3144	17	0
3145	17	0
3146	18	0
3147	18	0
3148	18	0
3149	18	0
3150	17	0
3151	17	0
3152	17	0
3153	17	0
3154	17	0
3155	18	0
3156	18	0
3157	18	0
3158	19	0
3159	18	0
3160	18	0
3161	18	0
3162	18	0
3163	18	0
3164	18	0
3165	18	0
3166	17	0
3167	17	0
3168	17	0
3169	17	0
3170	17	0
3171	17	0
3172	17	0
3173	18	0
3174	18	0
3175	18	0
3176	18	0
3177	18	0
3178	18	0
3179	18	0
3180	19	0
3181	17	0
3182	17	0
3183	16	0
3184	16	0
3185	16	0
3186	16	0
3187	16	0
3188	16	0
3189	16	0
3190	14	0
3191	14	0
3192	14	0
3193	15	0
3194	15	0
3195	16	0
3196	16	0
3197	16	0
3198	16	0
3199	16	0
3200	17	0
3201	17	0
3202	17	0
3203	17	0
3204	15	0
3205	13	0
3206	13	0
3207	14	0
3208	15	0
3209	15	0
3210	15	0
3211	15	0
3212	15	0
3213	15	0
3214	15	0
3215	15	0
3216	15	0
3217	16	0
3218	17	0
3219	18	0
3220	18	0
3221	18	0
3222	17	0
3223	17	0
3224	17	0
3225	17	0
3226	18	0
3227	18	0
3228	19	0
3229	19	0
3230	19	0
3231	19	0
3232	19	0
3233	19	0
3234	17	0
3235	16	0
3236	16	0
3237	16	0
3238	15	0
3239	15	0
3240	15	0
3241	15	0
3242	15	0
3243	14	0
3244	13	0
3245	13	0
3246	13	0
3247	14	0
3248	14	0
3249	14	0
3250	15	0
3251	16	0
3252	15	0
3253	15	0
3254	14	0
3255	15	0
3256	15	0
3257	16	0
3258	16	0
3259	17	0
3260	17	0
3261	17	0
3262	17	0
3263	17	0
3264	17	0
3265	16	0
3266	16	0
3267	15	0
3268	15	0
3269	15	0
3270	16	0
3271	16	0
3272	15	0
3273	14	0
3274	15	0
3275	16	0
3276	17	0
3277	16	0
3278	16	0
3279	16	0
3280	16	0
3281	16	0
3282	16	0
3283	16	0
3284	14	0
3285	14	0
3286	14	0
3287	14	0
3288	13	0
3289	13	0
3290	14	0
3291	14	0
3292	14	0
3293	12	0
3294	12	0
3295	11	0
3296	11	0
3297	9	0
3298	9	0
3299	9	0
3300	9	0
3301	9	0
3302	9	0
3303	9	0
3304	9	0
3305	9	0
3306	9	0
3307	9	0
3308	9	0
3309	10	0
3310	9	0
3311	10	0
3312	10	0
3313	10	0
3314	11	0
3315	11	0
3316	10	0
3317	10	0
3318	11	0
3319	12	0
3320	12	0
3321	12	0
3322	12	0
3323	12	0
3324	12	0
3325	11	0
3326	10	0
3327	10	0
3328	10	0
3329	10	0
3330	9	0
3331	9	0
3332	9	0
3333	9	0
3334	9	0
3335	9	0
3336	9	0
3337	9	0
3338	9	0
3339	9	0
3340	9	0
3341	9	0
3342	8	0
3343	8	0
3344	8	0
3345	9	0
3346	9	0
3347	9	0
3348	9	0
3349	9	0
3350	8	0
3351	9	0
3352	8	0
3353	8	0
3354	7	0
3355	7	0
3356	7	0
3357	8	0
3358	8	0
3359	8	0
3360	8	0
3361	8	0
3362	8	0
3363	8	0
3364	8	0
3365	8	0
3366	8	0
3367	8	0
3368	8	0
3369	8	0
3370	8	0
3371	7	0
3372	6	0
3373	4	0
3374	4	0
3375	5	0
3376	5	0
3377	5	0
3378	5	0
3379	5	0
3380	6	0
3381	5	0
3382	5	0
3383	5	0
3384	6	0
3385	6	0
3386	7	0
3387	8	0
3388	9	0
3389	9	0
3390	10	0
3391	9	0
3392	10	0
3393	10	0
3394	10	0
3395	10	0
3396	10	0
3397	10	0
3398	10	0
3399	10	0
3400	10	0
3401	8	0
3402	9	0
3403	9	0
3404	10	0
3405	11	0
3406	11	0
3407	12	0
3408	12	0
3409	12	0
3410	13	0
3411	12	0
3412	12	0
3413	11	0
3414	11	0
3415	11	0
3416	12	0
3417	12	0
3418	13	0
3419	13	0
3420	14	0
3421	13	0
3422	14	0
3423	14	0
3424	15	0
3425	15	0
3426	15	0
3427	15	0
3428	15	0
3429	15	0
3430	15	0
3431	15	0
3432	15	0
3433	15	0
3434	15	0
3435	15	0
3436	14	0
3437	14	0
3438	14	0
3439	15	0
3440	14	0
3441	13	0
3442	13	0
3443	14	0
3444	14	0
3445	14	0
3446	13	0
3447	12	0
3448	12	0
3449	12	0
3450	12	0
3451	12	0
3452	12	0
3453	12	0
3454	11	0
3455	11	0
3456	11	0
3457	12	0
3458	13	0
3459	13	0
3460	13	0
3461	12	0
3462	12	0
3463	11	0
3464	12	0
3465	11	0
3466	11	0
3467	11	0
3468	11	0
3469	11	0
3470	11	0
3471	10	0
3472	9	0
3473	9	0
3474	9	0
3475	9	0
3476	9	0
3477	10	0
3478	9	0
3479	9	0
3480	9	0
3481	9	0
3482	10	0
3483	11	0
3484	10	0
3485	10	0
3486	10	0
3487	9	0
3488	9	0
3489	10	0
3490	10	0
3491	11	0
3492	11	0
3493	11	0
3494	10	0
3495	10	0
3496	10	0
3497	10	0
3498	11	0
3499	11	0
3500	10	0
3501	11	0
3502	10	0
3503	10	0
3504	10	0
3505	10	0
3506	9	0
3507	9	0
3508	9	0
3509	9	0
3510	10	0
3511	10	0
3512	10	0
3513	11	0
3514	11	0
3515	11	0
3516	11	0
3517	11	0
3518	11	0
3519	11	0
3520	11	0
3521	11	0
3522	11	0
3523	12	0
3524	13	0
3525	13	0
3526	13	0
3527	13	0
3528	13	0
3529	14	0
3530	14	0
3531	14	0
3532	13	0
3533	14	0
3534	14	0
3535	15	0
3536	15	0
3537	14	0
3538	14	0
3539	14	0
3540	14	0
3541	14	0
3542	13	0
3543	13	0
3544	13	0
3545	13	0
3546	13	0
3547	13	0
3548	13	0
3549	13	0
3550	14	0
3551	14	0
3552	14	0
3553	14	0
3554	15	0
3555	15	0
3556	14	0
3557	14	0
3558	14	0
3559	15	0
3560	15	0
3561	15	0
3562	15	0
3563	15	0
3564	14	0
3565	14	0
3566	14	0
3567	14	0
3568	14	0
3569	14	0
3570	14	0
3571	15	0
3572	16	0
3573	15	0
3574	15	0
3575	15	0
3576	16	0
3577	17	0
3578	17	0
3579	17	0
3580	17	0
3581	17	0
3582	17	0
3583	16	0
3584	16	0
3585	17	0
3586	17	0
3587	17	0
3588	17	0
3589	18	0
3590	18	0
3591	18	0
3592	18	0
3593	17	0
3594	17	0
3595	18	0
3596	18	0
3597	18	0
3598	18	0
3599	19	0
3600	19	0
3601	19	0
3602	19	0
3603	19	0
3604	19	0
3605	19	0
3606	19	0
3607	19	0
3608	19	0
3609	20	0
3610	20	0
3611	20	0
3612	20	0
3613	20	0
3614	21	0
3615	21	0
3616	20	0
3617	19	0
3618	19	0
3619	19	0
3620	20	0
3621	21	0
3622	21	0
3623	22	0
3624	22	0
3625	21	0
3626	21	0
3627	21	0
3628	21	0
3629	22	0
3630	22	0
3631	21	0
3632	21	0
3633	20	0
3634	20	0
3635	20	0
3636	20	0
3637	21	0
3638	20	0
3639	20	0
3640	20	0
3641	20	0
3642	21	0
3643	21	0
3644	22	0
3645	22	0
3646	22	0
3647	23	0
3648	24	0
3649	23	0
3650	23	0
3651	23	0
3652	23	0
3653	23	0
3654	24	0
3655	23	0
3656	23	0
3657	23	0
3658	24	0
3659	24	0
3660	25	0
3661	25	0
3662	24	0
3663	24	0
3664	24	0
3665	24	0
3666	24	0
3667	24	0
3668	25	0
3669	26	0
3670	27	0
3671	27	0
3672	27	0
3673	28	0
3674	29	0
3675	28	0
3676	28	0
3677	28	0
3678	28	0
3679	28	0
3680	28	0
3681	27	0
3682	27	0
3683	27	0
3684	27	0
3685	25	0
3686	24	0
3687	24	0
3688	22	0
3689	22	0
3690	22	0
3691	22	0
3692	21	0
3693	21	0
3694	21	0
3695	20	0
3696	20	0
3697	20	0
3698	20	0
3699	19	0
3700	20	0
3701	20	0
3702	20	0
3703	20	0
3704	20	0
3705	20	0
3706	19	0
3707	19	0
3708	19	0
3709	19	0
3710	20	0
3711	20	0
3712	21	0
3713	21	0
3714	21	0
3715	20	0
3716	20	0
3717	19	0
3718	19	0
3719	18	0
3720	19	0
3721	18	0
3722	18	0
3723	19	0
3724	19	0
3725	19	0
3726	19	0
3727	19	0
3728	18	0
3729	17	0
3730	18	0
3731	18	0
3732	18	0
3733	19	0
3734	18	0
3735	18	0
3736	17	0
3737	17	0
3738	17	0
3739	17	0
3740	17	0
3741	17	0
3742	17	0
3743	18	0
3744	18	0
3745	18	0
3746	18	0
3747	19	0
3748	19	0
3749	19	0
3750	19	0
3751	20	0
3752	20	0
3753	20	0
3754	21	0
3755	22	0
3756	22	0
3757	22	0
3758	22	0
3759	23	0
3760	23	0
3761	23	0
3762	21	0
3763	20	0
3764	20	0
3765	20	0
3766	20	0
3767	19	0
3768	18	0
3769	19	0
3770	19	0
3771	19	0
3772	19	0
3773	20	0
3774	20	0
3775	21	0
3776	21	0
3777	21	0
3778	19	0
3779	19	0
3780	20	0
3781	20	0
3782	20	0
3783	20	0
3784	20	0
3785	21	0
3786	21	0
3787	22	0
3788	22	0
3789	22	0
3790	22	0
3791	21	0
3792	21	0
3793	20	0
3794	20	0
3795	21	0
3796	21	0
3797	21	0
3798	21	0
3799	20	0
3800	19	0
3801	20	0
3802	19	0
3803	19	0
3804	19	0
3805	19	0
3806	19	0
3807	19	0
3808	20	0
3809	19	0
3810	19	0
3811	19	0
3812	19	0
3813	19	0
3814	19	0
3815	18	0
3816	18	0
3817	18	0
3818	18	0
3819	19	0
3820	19	0
3821	18	0
3822	18	0
3823	18	0
3824	18	0
3825	18	0
3826	17	0
3827	17	0
3828	17	0
3829	17	0
3830	17	0
3831	17	0
3832	18	0
3833	17	0
3834	17	0
3835	17	0
3836	16	0
3837	16	0
3838	16	0
3839	16	0
3840	16	0
3841	16	0
3842	16	0
3843	16	0
3844	16	0
3845	16	0
3846	16	0
3847	16	0
3848	16	0
3849	16	0
3850	16	0
3851	16	0
3852	16	0
3853	16	0
3854	16	0
3855	17	0
3856	17	0
3857	16	0
3858	16	0
3859	16	0
3860	16	0
3861	16	0
3862	17	0
3863	17	0
3864	16	0
3865	15	0
3866	15	0
3867	15	0
3868	15	0
3869	15	0
3870	15	0
3871	15	0
3872	15	0
3873	15	0
3874	14	0
3875	14	0
3876	14	0
3877	13	0
3878	13	0
3879	13	0
3880	13	0
3881	13	0
3882	12	0
3883	12	0
3884	13	0
3885	12	0
3886	10	0
3887	9	0
3888	10	0
3889	10	0
3890	9	0
3891	9	0
3892	8	0
3893	8	0
3894	8	0
3895	8	0
3896	8	0
3897	8	0
3898	8	0
3899	8	0
3900	8	0
3901	8	0
3902	8	0
3903	9	0
3904	9	0
3905	10	0
3906	10	0
3907	10	0
3908	11	0
3909	11	0
3910	12	0
3911	11	0
3912	12	0
3913	12	0
3914	13	0
3915	13	0
3916	13	0
3917	12	0
3918	11	0
3919	11	0
3920	11	0
3921	11	0
3922	11	0
3923	11	0
3924	11	0
3925	11	0
3926	12	0
3927	12	0
3928	12	0
3929	12	0
3930	12	0
3931	11	0
3932	11	0
3933	10	0
3934	9	0
3935	10	0
3936	10	0
3937	10	0
3938	10	0
3939	10	0
3940	11	0
3941	11	0
3942	11	0
3943	11	0
3944	11	0
3945	11	0
3946	11	0
3947	12	0
3948	12	0
3949	12	0
3950	11	0
3951	11	0
3952	11	0
3953	11	0
3954	12	0
3955	11	0
3956	11	0
3957	11	0
3958	12	0
3959	12	0
3960	12	0
3961	12	0
3962	12	0
3963	12	0
3964	12	0
3965	12	0
3966	12	0
3967	13	0
3968	13	0
3969	13	0
3970	13	0
3971	12	0
3972	12	0
3973	11	0
3974	11	0
3975	11	0
3976	11	0
3977	12	0
3978	12	0
3979	11	0
3980	10	0
3981	10	0
3982	10	0
3983	10	0
3984	11	0
3985	11	0
3986	11	0
3987	11	0
3988	12	0
3989	12	0
3990	13	0
3991	13	0
3992	13	0
3993	12	0
3994	12	0
3995	12	0
3996	12	0
3997	12	0
3998	12	0
3999	13	0
4000	12	0
4001	12	0
4002	12	0
4003	11	0
4004	11	0
4005	11	0
4006	12	0
4007	12	0
4008	12	0
4009	10	0
4010	10	0
4011	10	0
4012	9	0
4013	8	0
4014	8	0
4015	8	0
4016	9	0
4017	9	0
4018	10	0
4019	10	0
4020	10	0
4021	10	0
4022	10	0
4023	11	0
4024	10	0
4025	10	0
4026	10	0
4027	9	0
4028	9	0
4029	9	0
4030	9	0
4031	9	0
4032	8	0
4033	9	0
4034	10	0
4035	10	0
4036	10	0
4037	10	0
4038	10	0
4039	10	0
4040	10	0
4041	10	0
4042	10	0
4043	10	0
4044	10	0
4045	10	0
4046	10	0
4047	10	0
4048	10	0
4049	10	0
4050	10	0
4051	10	0
4052	10	0
4053	10	0
4054	10	0
4055	10	0
4056	11	0
4057	11	0
4058	11	0
4059	11	0
4060	11	0
4061	10	0
4062	10	0
4063	10	0
4064	10	0
4065	10	0
4066	11	0
4067	11	0
4068	11	0
4069	12	0
4070	13	0
4071	13	0
4072	12	0
4073	12	0
4074	12	0
4075	12	0
4076	11	0
4077	11	0
4078	12	0
4079	11	0
4080	11	0
4081	11	0
4082	11	0
4083	10	0
4084	11	0
4085	11	0
4086	12	0
4087	12	0
4088	12	0
4089	12	0
4090	12	0
4091	13	0
4092	14	0
4093	14	0
4094	14	0
4095	14	0
4096	13	0
4097	12	0
4098	13	0
4099	12	0
4100	12	0
4101	11	0
4102	11	0
4103	12	0
4104	13	0
4105	13	0
4106	14	0
4107	14	0
4108	14	0
4109	14	0
4110	14	0
4111	14	0
4112	14	0
4113	14	0
4114	13	0
4115	12	0
4116	12	0
4117	12	0
4118	11	0
4119	12	0
4120	11	0
4121	11	0
4122	11	0
4123	10	0
4124	10	0
4125	10	0
4126	10	0
4127	11	0
4128	10	0
4129	10	0
4130	10	0
4131	11	0
4132	11	0
4133	11	0
4134	10	0
4135	11	0
4136	11	0
4137	11	0
4138	11	0
4139	11	0
4140	11	0
4141	11	0
4142	11	0
4143	10	0
4144	10	0
4145	10	0
4146	11	0
4147	12	0
4148	11	0
4149	11	0
4150	11	0
4151	11	0
4152	11	0
4153	11	0
4154	11	0
4155	12	0
4156	12	0
4157	11	0
4158	11	0
4159	11	0
4160	10	0
4161	11	0
4162	11	0
4163	11	0
4164	11	0
4165	12	0
4166	13	0
4167	14	0
4168	13	0
4169	14	0
4170	14	0
4171	14	0
4172	14	0
4173	14	0
4174	14	0
4175	15	0
4176	15	0
4177	15	0
4178	15	0
4179	15	0
4180	15	0
4181	15	0
4182	15	0
4183	14	0
4184	15	0
4185	16	0
4186	16	0
4187	17	0
4188	17	0
4189	18	0
4190	19	0
4191	19	0
4192	19	0
4193	19	0
4194	19	0
4195	20	0
4196	20	0
4197	20	0
4198	20	0
4199	20	0
4200	20	0
4201	20	0
4202	18	0
4203	18	0
4204	18	0
4205	18	0
4206	18	0
4207	18	0
4208	18	0
4209	17	0
4210	17	0
4211	17	0
4212	17	0
4213	18	0
4214	18	0
4215	18	0
4216	17	0
4217	17	0
4218	16	0
4219	16	0
4220	16	0
4221	17	0
4222	16	0
4223	16	0
4224	16	0
4225	17	0
4226	16	0
4227	16	0
4228	16	0
4229	15	0
4230	15	0
4231	16	0
4232	17	0
4233	18	0
4234	16	0
4235	16	0
4236	16	0
4237	17	0
4238	17	0
4239	17	0
4240	18	0
4241	18	0
4242	18	0
4243	18	0
4244	17	0
4245	17	0
4246	17	0
4247	17	0
4248	16	0
4249	16	0
4250	16	0
4251	16	0
4252	16	0
4253	15	0
4254	15	0
4255	14	0
4256	14	0
4257	14	0
4258	14	0
4259	15	0
4260	16	0
4261	16	0
4262	17	0
4263	17	0
4264	17	0
4265	17	0
4266	17	0
4267	18	0
4268	18	0
4269	19	0
4270	18	0
4271	18	0
4272	18	0
4273	18	0
4274	18	0
4275	18	0
4276	18	0
4277	18	0
4278	19	0
4279	20	0
4280	20	0
4281	20	0
4282	20	0
4283	21	0
4284	21	0
4285	22	0
4286	22	0
4287	21	0
4288	22	0
4289	22	0
4290	21	0
4291	21	0
4292	21	0
4293	21	0
4294	20	0
4295	20	0
4296	21	0
4297	21	0
4298	21	0
4299	21	0
4300	21	0
4301	21	0
4302	21	0
4303	21	0
4304	20	0
4305	20	0
4306	20	0
4307	20	0
4308	20	0
4309	20	0
4310	19	0
4311	18	0
4312	19	0
4313	18	0
4314	17	0
4315	17	0
4316	17	0
4317	17	0
4318	17	0
4319	16	0
4320	16	0
4321	15	0
4322	15	0
4323	15	0
4324	16	0
4325	17	0
4326	17	0
4327	17	0
4328	17	0
4329	17	0
4330	18	0
4331	17	0
4332	17	0
4333	17	0
4334	17	0
4335	18	0
4336	19	0
4337	19	0
4338	19	0
4339	19	0
4340	19	0
4341	19	0
4342	20	0
4343	20	0
4344	20	0
4345	19	0
4346	19	0
4347	19	0
4348	19	0
4349	19	0
4350	18	0
4351	18	0
4352	19	0
4353	18	0
4354	16	0
4355	16	0
4356	16	0
4357	16	0
4358	16	0
4359	16	0
4360	16	0
4361	16	0
4362	16	0
4363	17	0
4364	16	0
4365	17	0
4366	17	0
4367	17	0
4368	16	0
4369	16	0
4370	16	0
4371	16	0
4372	15	0
4373	15	0
4374	15	0
4375	15	0
4376	16	0
4377	16	0
4378	16	0
4379	17	0
4380	17	0
4381	17	0
4382	17	0
4383	17	0
4384	16	0
4385	16	0
4386	16	0
4387	15	0
4388	12	0
4389	12	0
4390	12	0
4391	12	0
4392	12	0
4393	13	0
4394	13	0
4395	13	0
4396	14	0
4397	14	0
4398	14	0
4399	15	0
4400	15	0
4401	15	0
4402	16	0
4403	16	0
4404	16	0
4405	17	0
4406	17	0
4407	17	0
4408	17	0
4409	18	0
4410	18	0
4411	19	0
4412	17	0
4413	16	0
4414	16	0
4415	17	0
4416	17	0
4417	16	0
4418	16	0
4419	15	0
4420	16	0
4421	16	0
4422	16	0
4423	16	0
4424	15	0
4425	15	0
4426	15	0
4427	14	0
4428	14	0
4429	14	0
4430	15	0
4431	15	0
4432	15	0
4433	14	0
4434	14	0
4435	13	0
4436	14	0
4437	14	0
4438	14	0
4439	15	0
4440	14	0
4441	14	0
4442	14	0
4443	14	0
4444	13	0
4445	13	0
4446	12	0
4447	12	0
4448	12	0
4449	12	0
4450	11	0
4451	11	0
4452	11	0
4453	11	0
4454	11	0
4455	12	0
4456	12	0
4457	12	0
4458	12	0
4459	13	0
4460	13	0
4461	13	0
4462	14	0
4463	14	0
4464	14	0
4465	13	0
4466	12	0
4467	12	0
4468	13	0
4469	12	0
4470	13	0
4471	13	0
4472	13	0
4473	13	0
4474	13	0
4475	13	0
4476	13	0
4477	13	0
4478	13	0
4479	14	0
4480	14	0
4481	14	0
4482	14	0
4483	14	0
4484	13	0
4485	13	0
4486	13	0
4487	12	0
4488	12	0
4489	12	0
4490	12	0
4491	11	0
4492	11	0
4493	11	0
4494	11	0
4495	10	0
4496	10	0
4497	9	0
4498	9	0
4499	9	0
4500	9	0
4501	8	0
4502	9	0
4503	8	0
4504	8	0
4505	8	0
4506	8	0
4507	8	0
4508	8	0
4509	9	0
4510	9	0
4511	9	0
4512	9	0
4513	9	0
4514	9	0
4515	9	0
4516	9	0
4517	9	0
4518	9	0
4519	9	0
4520	9	0
4521	9	0
4522	10	0
4523	10	0
4524	10	0
4525	10	0
4526	11	0
4527	12	0
4528	12	0
4529	12	0
4530	11	0
4531	11	0
4532	11	0
4533	11	0
4534	11	0
4535	11	0
4536	11	0
4537	12	0
4538	12	0
4539	12	0
4540	12	0
4541	12	0
4542	12	0
4543	12	0
4544	13	0
4545	13	0
4546	14	0
4547	14	0
4548	12	0
4549	12	0
4550	12	0
4551	12	0
4552	12	0
4553	12	0
4554	12	0
4555	12	0
4556	10	0
4557	10	0
4558	10	0
4559	11	0
4560	11	0
4561	12	0
4562	12	0
4563	11	0
4564	12	0
4565	12	0
4566	12	0
4567	10	0
4568	10	0
4569	11	0
4570	11	0
4571	10	0
4572	10	0
4573	10	0
4574	9	0
4575	10	0
4576	11	0
4577	11	0
4578	11	0
4579	11	0
4580	10	0
4581	10	0
4582	10	0
4583	10	0
4584	11	0
4585	11	0
4586	11	0
4587	11	0
4588	11	0
4589	11	0
4590	11	0
4591	11	0
4592	11	0
4593	12	0
4594	12	0
4595	13	0
4596	13	0
4597	13	0
4598	13	0
4599	12	0
4600	13	0
4601	13	0
4602	13	0
4603	14	0
4604	14	0
4605	14	0
4606	14	0
4607	14	0
4608	14	0
4609	13	0
4610	13	0
4611	13	0
4612	13	0
4613	13	0
4614	13	0
4615	13	0
4616	12	0
4617	12	0
4618	12	0
4619	12	0
4620	11	0
4621	12	0
4622	12	0
4623	12	0
4624	13	0
4625	13	0
4626	13	0
4627	12	0
4628	11	0
4629	11	0
4630	11	0
4631	11	0
4632	11	0
4633	11	0
4634	11	0
4635	10	0
4636	10	0
4637	9	0
4638	8	0
4639	8	0
4640	8	0
4641	8	0
4642	7	0
4643	7	0
4644	7	0
4645	7	0
4646	7	0
4647	6	0
4648	6	0
4649	6	0
4650	7	0
4651	7	0
4652	7	0
4653	7	0
4654	6	0
4655	6	0
4656	7	0
4657	7	0
4658	7	0
4659	7	0
4660	7	0
4661	6	0
4662	6	0
4663	6	0
4664	6	0
4665	6	0
4666	6	0
4667	6	0
4668	6	0
4669	7	0
4670	7	0
4671	7	0
4672	7	0
4673	7	0
4674	7	0
4675	7	0
4676	7	0
4677	8	0
4678	8	0
4679	9	0
4680	10	0
4681	10	0
4682	9	0
4683	9	0
4684	9	0
4685	9	0
4686	9	0
4687	9	0
4688	10	0
4689	10	0
4690	10	0
4691	11	0
4692	11	0
4693	10	0
4694	10	0
4695	11	0
4696	12	0
4697	12	0
4698	12	0
4699	11	0
4700	11	0
4701	11	0
4702	10	0
4703	10	0
4704	10	0
4705	11	0
4706	11	0
4707	11	0
4708	10	0
4709	10	0
4710	10	0
4711	10	0
4712	10	0
4713	10	0
4714	10	0
4715	10	0
4716	10	0
4717	10	0
4718	11	0
4719	11	0
4720	11	0
4721	11	0
4722	11	0
4723	11	0
4724	10	0
4725	11	0
4726	11	0
4727	11	0
4728	10	0
4729	11	0
4730	11	0
4731	11	0
4732	11	0
4733	12	0
4734	12	0
4735	11	0
4736	11	0
4737	11	0
4738	11	0
4739	11	0
4740	11	0
4741	12	0
4742	12	0
4743	12	0
4744	12	0
4745	12	0
4746	12	0
